1.0000000e+00 9.6526269e-01 4.9123892e-03
2.0000000e+00 9.6444529e-01 4.9103088e-03
3.0000000e+00 9.6318384e-01 4.9070965e-03
4.0000000e+00 9.6429980e-01 4.9099384e-03
5.0000000e+00 9.6244967e-01 4.9052260e-03
6.0000000e+00 9.6141258e-01 4.9025825e-03
7.0000000e+00 9.6214559e-01 4.9044510e-03
8.0000000e+00 9.6151331e-01 4.9028393e-03
9.0000000e+00 9.6245423e-01 4.9052376e-03
1.0000000e+01 9.6210816e-01 4.9043556e-03
1.1000000e+01 9.6485009e-01 4.9113392e-03
1.2000000e+01 9.6377947e-01 4.9086135e-03
1.3000000e+01 9.6183842e-01 4.9036681e-03
1.4000000e+01 9.6293991e-01 4.9064751e-03
1.5000000e+01 9.6076066e-01 4.9009200e-03
1.6000000e+01 9.5869294e-01 4.8956433e-03
1.7000000e+01 9.5797387e-01 4.8938070e-03
1.8000000e+01 9.5755424e-01 4.8927350e-03
1.9000000e+01 9.5974723e-01 4.8983345e-03
2.0000000e+01 9.5761976e-01 4.8929024e-03
2.1000000e+01 9.5994977e-01 4.8988513e-03
2.2000000e+01 9.6151327e-01 4.9028392e-03
2.3000000e+01 9.6235630e-01 4.9049880e-03
2.4000000e+01 9.6229433e-01 4.9048301e-03
2.5000000e+01 9.5898396e-01 4.8963863e-03
2.6000000e+01 9.5848973e-01 4.8951245e-03
2.7000000e+01 9.5847009e-01 4.8950743e-03
2.8000000e+01 9.6211757e-01 4.9043796e-03
2.9000000e+01 9.6181002e-01 4.9035957e-03
3.0000000e+01 9.6094949e-01 4.9014016e-03
3.1000000e+01 9.6146018e-01 4.9027038e-03
3.2000000e+01 9.6311413e-01 4.9069189e-03
3.3000000e+01 9.6484666e-01 4.9113304e-03
3.4000000e+01 9.6382239e-01 4.9087228e-03
3.5000000e+01 9.6129963e-01 4.9022945e-03
3.6000000e+01 9.6512076e-01 4.9120280e-03
3.7000000e+01 9.6458864e-01 4.9106737e-03
3.8000000e+01 9.6559502e-01 4.9132348e-03
3.9000000e+01 9.6590405e-01 4.9140209e-03
4.0000000e+01 9.6976988e-01 4.9238448e-03
4.1000000e+01 9.7093607e-01 4.9268045e-03
4.2000000e+01 9.6825341e-01 4.9199934e-03
4.3000000e+01 9.6623174e-01 4.9148544e-03
4.4000000e+01 9.6663279e-01 4.9158743e-03
4.5000000e+01 9.6907036e-01 4.9220686e-03
4.6000000e+01 9.7209988e-01 4.9297563e-03
4.7000000e+01 9.7199514e-01 4.9294907e-03
4.8000000e+01 9.7366087e-01 4.9337128e-03
4.9000000e+01 9.7554325e-01 4.9384797e-03
5.0000000e+01 9.7976948e-01 4.9491653e-03
5.1000000e+01 9.7789383e-01 4.9444257e-03
5.2000000e+01 9.7686875e-01 4.9418336e-03
5.3000000e+01 9.7795479e-01 4.9445799e-03
5.4000000e+01 9.7972115e-01 4.9490432e-03
5.5000000e+01 9.8122845e-01 4.9528488e-03
5.6000000e+01 9.8172657e-01 4.9541058e-03
5.7000000e+01 9.8035688e-01 4.9506487e-03
5.8000000e+01 9.8086990e-01 4.9519438e-03
5.9000000e+01 9.8285647e-01 4.9569559e-03
6.0000000e+01 9.7937479e-01 4.9481683e-03
6.1000000e+01 9.7934276e-01 4.9480874e-03
6.2000000e+01 9.8038099e-01 4.9507095e-03
6.3000000e+01 9.8162951e-01 4.9538609e-03
6.4000000e+01 9.8187924e-01 4.9544910e-03
6.5000000e+01 9.7933455e-01 4.9480667e-03
6.6000000e+01 9.8041032e-01 4.9507836e-03
6.7000000e+01 9.8182398e-01 4.9543516e-03
6.8000000e+01 9.8166627e-01 4.9539537e-03
6.9000000e+01 9.7915101e-01 4.9476030e-03
7.0000000e+01 9.7766723e-01 4.9438529e-03
7.1000000e+01 9.7709130e-01 4.9423965e-03
7.2000000e+01 9.7381220e-01 4.9340962e-03
7.3000000e+01 9.7289174e-01 4.9317637e-03
7.4000000e+01 9.7244623e-01 4.9306344e-03
7.5000000e+01 9.7341387e-01 4.9330870e-03
7.6000000e+01 9.7418174e-01 4.9350323e-03
7.7000000e+01 9.7341537e-01 4.9330908e-03
7.8000000e+01 9.7375508e-01 4.9339515e-03
7.9000000e+01 9.7092296e-01 4.9267712e-03
8.0000000e+01 9.6929958e-01 4.9226507e-03
8.1000000e+01 9.6811507e-01 4.9196420e-03
8.2000000e+01 9.6703050e-01 4.9168855e-03
8.3000000e+01 9.6519867e-01 4.9122263e-03
8.4000000e+01 9.6676213e-01 4.9162032e-03
8.5000000e+01 9.6656154e-01 4.9156931e-03
8.6000000e+01 9.6601829e-01 4.9143115e-03
8.7000000e+01 9.6355200e-01 4.9080343e-03
8.8000000e+01 9.6514938e-01 4.9121009e-03
8.9000000e+01 9.6450047e-01 4.9104493e-03
9.0000000e+01 9.6576294e-01 4.9136620e-03
9.1000000e+01 9.6792706e-01 4.9191642e-03
9.2000000e+01 9.6984743e-01 4.9240416e-03
9.3000000e+01 9.6707565e-01 4.9170003e-03
9.4000000e+01 9.6868488e-01 4.9210895e-03
9.5000000e+01 9.7183742e-01 4.9290908e-03
9.6000000e+01 9.7041689e-01 4.9254870e-03
9.7000000e+01 9.6992519e-01 4.9242390e-03
9.8000000e+01 9.6663458e-01 4.9158788e-03
9.9000000e+01 9.6947975e-01 4.9231082e-03
1.0000000e+02 9.6771336e-01 4.9186212e-03
1.0100000e+02 9.6935609e-01 4.9227942e-03
1.0200000e+02 9.6965436e-01 4.9235515e-03
1.0300000e+02 9.6647630e-01 4.9154764e-03
1.0400000e+02 9.6613670e-01 4.9146127e-03
1.0500000e+02 9.6626513e-01 4.9149393e-03
1.0600000e+02 9.6540161e-01 4.9127427e-03
1.0700000e+02 9.6200543e-01 4.9040938e-03
1.0800000e+02 9.6312767e-01 4.9069534e-03
1.0900000e+02 9.6395658e-01 4.9090646e-03
1.1000000e+02 9.6402944e-01 4.9092501e-03
1.1100000e+02 9.6279466e-01 4.9061051e-03
1.1200000e+02 9.6098103e-01 4.9014820e-03
1.1300000e+02 9.6321418e-01 4.9071738e-03
1.1400000e+02 9.6371091e-01 4.9084390e-03
1.1500000e+02 9.6627789e-01 4.9149718e-03
1.1600000e+02 9.6715418e-01 4.9171999e-03
1.1700000e+02 9.6655262e-01 4.9156704e-03
1.1800000e+02 9.6670761e-01 4.9160645e-03
1.1900000e+02 9.7004360e-01 4.9245396e-03
1.2000000e+02 9.7156788e-01 4.9284072e-03
1.2100000e+02 9.7243414e-01 4.9306038e-03
1.2200000e+02 9.6918283e-01 4.9223542e-03
1.2300000e+02 9.6834694e-01 4.9202311e-03
1.2400000e+02 9.6918113e-01 4.9223499e-03
1.2500000e+02 9.6679529e-01 4.9162875e-03
1.2600000e+02 9.6731231e-01 4.9176019e-03
1.2700000e+02 9.6958833e-01 4.9233838e-03
1.2800000e+02 9.7382221e-01 4.9341216e-03
1.2900000e+02 9.7479347e-01 4.9365815e-03
1.3000000e+02 9.7299574e-01 4.9320273e-03
1.3100000e+02 9.7206296e-01 4.9296627e-03
1.3200000e+02 9.7424632e-01 4.9351959e-03
1.3300000e+02 9.7614102e-01 4.9399925e-03
1.3400000e+02 9.7651603e-01 4.9409413e-03
1.3500000e+02 9.7750874e-01 4.9434521e-03
1.3600000e+02 9.7993811e-01 4.9495912e-03
1.3700000e+02 9.8132083e-01 4.9530820e-03
1.3800000e+02 9.8126826e-01 4.9529493e-03
1.3900000e+02 9.8254256e-01 4.9561643e-03
1.4000000e+02 9.8076965e-01 4.9516908e-03
1.4100000e+02 9.8022542e-01 4.9503167e-03
1.4200000e+02 9.8266302e-01 4.9564681e-03
1.4300000e+02 9.8432358e-01 4.9606542e-03
1.4400000e+02 9.8579210e-01 4.9643532e-03
1.4500000e+02 9.8519697e-01 4.9628545e-03
1.4600000e+02 9.8345155e-01 4.9584563e-03
1.4700000e+02 9.8468290e-01 4.9615595e-03
1.4800000e+02 9.8296655e-01 4.9572335e-03
1.4900000e+02 9.7937262e-01 4.9481629e-03
1.5000000e+02 9.8013214e-01 4.9500812e-03
1.5100000e+02 9.8048699e-01 4.9509772e-03
1.5200000e+02 9.8006821e-01 4.9499198e-03
1.5300000e+02 9.7832150e-01 4.9455068e-03
1.5400000e+02 9.8070536e-01 4.9515285e-03
1.5500000e+02 9.8189979e-01 4.9545429e-03
1.5600000e+02 9.8483294e-01 4.9619375e-03
1.5700000e+02 9.8363948e-01 4.9589301e-03
1.5800000e+02 9.8481219e-01 4.9618852e-03
1.5900000e+02 9.8306283e-01 4.9574763e-03
1.6000000e+02 9.8186055e-01 4.9544439e-03
1.6100000e+02 9.8159985e-01 4.9537861e-03
1.6200000e+02 9.8062331e-01 4.9513213e-03
1.6300000e+02 9.7892002e-01 4.9470194e-03
1.6400000e+02 9.7750916e-01 4.9434532e-03
1.6500000e+02 9.7956075e-01 4.9486381e-03
1.6600000e+02 9.7963209e-01 4.9488183e-03
1.6700000e+02 9.8065084e-01 4.9513908e-03
1.6800000e+02 9.7723931e-01 4.9427708e-03
1.6900000e+02 9.7455993e-01 4.9359901e-03
1.7000000e+02 9.7496994e-01 4.9370283e-03
1.7100000e+02 9.7693337e-01 4.9419970e-03
1.7200000e+02 9.7809770e-01 4.9449411e-03
1.7300000e+02 9.7947232e-01 4.9484147e-03
1.7400000e+02 9.8101499e-01 4.9523101e-03
1.7500000e+02 9.7997710e-01 4.9496897e-03
1.7600000e+02 9.7979980e-01 4.9492419e-03
1.7700000e+02 9.7697244e-01 4.9420958e-03
1.7800000e+02 9.7573618e-01 4.9389680e-03
1.7900000e+02 9.7655810e-01 4.9410477e-03
1.8000000e+02 9.7599826e-01 4.9396312e-03
1.8100000e+02 9.7748107e-01 4.9433822e-03
1.8200000e+02 9.8002581e-01 4.9498127e-03
1.8300000e+02 9.7732636e-01 4.9429909e-03
1.8400000e+02 9.7685613e-01 4.9418016e-03
1.8500000e+02 9.7472406e-01 4.9364058e-03
1.8600000e+02 9.7247909e-01 4.9307177e-03
1.8700000e+02 9.7262763e-01 4.9310943e-03
1.8800000e+02 9.7422883e-01 4.9351516e-03
1.8900000e+02 9.7607647e-01 4.9398291e-03
1.9000000e+02 9.7529421e-01 4.9378493e-03
1.9100000e+02 9.7434370e-01 4.9354425e-03
1.9200000e+02 9.7380335e-01 4.9340738e-03
1.9300000e+02 9.7393860e-01 4.9344164e-03
1.9400000e+02 9.7545595e-01 4.9382587e-03
1.9500000e+02 9.8046961e-01 4.9509333e-03
1.9600000e+02 9.8031073e-01 4.9505321e-03
1.9700000e+02 9.8054187e-01 4.9511157e-03
1.9800000e+02 9.8371455e-01 4.9591193e-03
1.9900000e+02 9.8199158e-01 4.9547744e-03
2.0000000e+02 9.8394342e-01 4.9596961e-03
2.0100000e+02 9.8235281e-01 4.9556857e-03
2.0200000e+02 9.8118046e-01 4.9527277e-03
2.0300000e+02 9.7830510e-01 4.9454654e-03
2.0400000e+02 9.7867074e-01 4.9463895e-03
2.0500000e+02 9.8253654e-01 4.9561491e-03
2.0600000e+02 9.8445112e-01 4.9609755e-03
2.0700000e+02 9.8360644e-01 4.9588468e-03
2.0800000e+02 9.8531148e-01 4.9631429e-03
2.0900000e+02 9.8484160e-01 4.9619593e-03
2.1000000e+02 9.8725874e-01 4.9680448e-03
2.1100000e+02 9.8720649e-01 4.9679133e-03
2.1200000e+02 9.8778786e-01 4.9693759e-03
2.1300000e+02 9.9183216e-01 4.9795386e-03
2.1400000e+02 9.8964629e-01 4.9740484e-03
2.1500000e+02 9.8535758e-01 4.9632590e-03
2.1600000e+02 9.8166767e-01 4.9539572e-03
2.1700000e+02 9.8172940e-01 4.9541130e-03
2.1800000e+02 9.8241910e-01 4.9558529e-03
2.1900000e+02 9.8503101e-01 4.9624364e-03
2.2000000e+02 9.8422621e-01 4.9604088e-03
2.2100000e+02 9.8266774e-01 4.9564800e-03
2.2200000e+02 9.8438688e-01 4.9608137e-03
2.2300000e+02 9.8459876e-01 4.9613475e-03
2.2400000e+02 9.8067314e-01 4.9514471e-03
2.2500000e+02 9.7933927e-01 4.9480786e-03
2.2600000e+02 9.7958123e-01 4.9486898e-03
2.2700000e+02 9.8022004e-01 4.9503031e-03
2.2800000e+02 9.7789117e-01 4.9444190e-03
2.2900000e+02 9.7944632e-01 4.9483491e-03
2.3000000e+02 9.7914404e-01 4.9475854e-03
2.3100000e+02 9.7795261e-01 4.9445743e-03
2.3200000e+02 9.7652257e-01 4.9409579e-03
2.3300000e+02 9.7367908e-01 4.9337589e-03
2.3400000e+02 9.7754804e-01 4.9435515e-03
2.3500000e+02 9.7759161e-01 4.9436617e-03
2.3600000e+02 9.7698223e-01 4.9421206e-03
2.3700000e+02 9.7992657e-01 4.9495621e-03
2.3800000e+02 9.8072579e-01 4.9515801e-03
2.3900000e+02 9.7844760e-01 4.9458256e-03
2.4000000e+02 9.7741609e-01 4.9432178e-03
2.4100000e+02 9.7864253e-01 4.9463182e-03
2.4200000e+02 9.8089034e-01 4.9519954e-03
2.4300000e+02 9.8182794e-01 4.9543616e-03
2.4400000e+02 9.7945406e-01 4.9483686e-03
2.4500000e+02 9.7687518e-01 4.9418498e-03
2.4600000e+02 9.7788865e-01 4.9444127e-03
2.4700000e+02 9.7624422e-01 4.9402536e-03
2.4800000e+02 9.7601897e-01 4.9396836e-03
2.4900000e+02 9.7657153e-01 4.9410817e-03
2.5000000e+02 9.7788221e-01 4.9443964e-03
2.5100000e+02 9.7850853e-01 4.9459795e-03
2.5200000e+02 9.8001841e-01 4.9497940e-03
2.5300000e+02 9.8026678e-01 4.9504212e-03
2.5400000e+02 9.7889995e-01 4.9469687e-03
2.5500000e+02 9.8027329e-01 4.9504376e-03
2.5600000e+02 9.8180611e-01 4.9543065e-03
2.5700000e+02 9.8328434e-01 4.9580348e-03
2.5800000e+02 9.8482635e-01 4.9619209e-03
2.5900000e+02 9.8566502e-01 4.9640332e-03
2.6000000e+02 9.8824472e-01 4.9705249e-03
2.6100000e+02 9.9169253e-01 4.9791880e-03
2.6200000e+02 9.9187052e-01 4.9796349e-03
2.6300000e+02 9.9081833e-01 4.9769929e-03
2.6400000e+02 9.9214418e-01 4.9803218e-03
2.6500000e+02 9.9138640e-01 4.9784194e-03
2.6600000e+02 9.9221547e-01 4.9805007e-03
2.6700000e+02 9.8966451e-01 4.9740942e-03
2.6800000e+02 9.8781768e-01 4.9694509e-03
2.6900000e+02 9.8554091e-01 4.9637207e-03
2.7000000e+02 9.8326077e-01 4.9579753e-03
2.7100000e+02 9.8298671e-01 4.9572843e-03
2.7200000e+02 9.8144248e-01 4.9533890e-03
2.7300000e+02 9.8057086e-01 4.9511889e-03
2.7400000e+02 9.8050375e-01 4.9510195e-03
2.7500000e+02 9.8250497e-01 4.9560695e-03
2.7600000e+02 9.7959768e-01 4.9487314e-03
2.7700000e+02 9.7954203e-01 4.9485908e-03
2.7800000e+02 9.7936048e-01 4.9481322e-03
2.7900000e+02 9.8038394e-01 4.9507170e-03
2.8000000e+02 9.7988435e-01 4.9494554e-03
2.8100000e+02 9.7601384e-01 4.9396707e-03
2.8200000e+02 9.7424474e-01 4.9351919e-03
2.8300000e+02 9.7037316e-01 4.9253761e-03
2.8400000e+02 9.7174057e-01 4.9288451e-03
2.8500000e+02 9.6858149e-01 4.9208269e-03
2.8600000e+02 9.7032751e-01 4.9252602e-03
2.8700000e+02 9.7186916e-01 4.9291713e-03
2.8800000e+02 9.7337349e-01 4.9329846e-03
2.8900000e+02 9.7561706e-01 4.9386665e-03
2.9000000e+02 9.7467690e-01 4.9362863e-03
2.9100000e+02 9.7580209e-01 4.9391348e-03
2.9200000e+02 9.7459452e-01 4.9360777e-03
2.9300000e+02 9.7488175e-01 4.9368050e-03
2.9400000e+02 9.7630400e-01 4.9404049e-03
2.9500000e+02 9.7193352e-01 4.9293345e-03
2.9600000e+02 9.7271813e-01 4.9313237e-03
2.9700000e+02 9.7269812e-01 4.9312730e-03
2.9800000e+02 9.7411280e-01 4.9348577e-03
2.9900000e+02 9.7370534e-01 4.9338255e-03
3.0000000e+02 9.7725609e-01 4.9428132e-03
3.0100000e+02 9.7838384e-01 4.9456644e-03
3.0200000e+02 9.7830640e-01 4.9454687e-03
3.0300000e+02 9.7698700e-01 4.9421327e-03
3.0400000e+02 9.7917292e-01 4.9476584e-03
3.0500000e+02 9.7776343e-01 4.9440961e-03
3.0600000e+02 9.7612220e-01 4.9399449e-03
3.0700000e+02 9.7474962e-01 4.9364705e-03
3.0800000e+02 9.7516851e-01 4.9375311e-03
3.0900000e+02 9.7356908e-01 4.9334802e-03
3.1000000e+02 9.7551721e-01 4.9384138e-03
3.1100000e+02 9.7316854e-01 4.9324653e-03
3.1200000e+02 9.7580206e-01 4.9391347e-03
3.1300000e+02 9.7281493e-01 4.9315691e-03
3.1400000e+02 9.7095717e-01 4.9268580e-03
3.1500000e+02 9.7056554e-01 4.9258643e-03
3.1600000e+02 9.7219117e-01 4.9299878e-03
3.1700000e+02 9.7165961e-01 4.9286398e-03
3.1800000e+02 9.7060983e-01 4.9259767e-03
3.1900000e+02 9.7069267e-01 4.9261869e-03
3.2000000e+02 9.7047801e-01 4.9256421e-03
3.2100000e+02 9.7106412e-01 4.9271293e-03
3.2200000e+02 9.7115697e-01 4.9273649e-03
3.2300000e+02 9.6814001e-01 4.9197053e-03
3.2400000e+02 9.7040356e-01 4.9254532e-03
3.2500000e+02 9.6748512e-01 4.9180411e-03
3.2600000e+02 9.6759493e-01 4.9183202e-03
3.2700000e+02 9.6807164e-01 4.9195316e-03
3.2800000e+02 9.6901854e-01 4.9219370e-03
3.2900000e+02 9.6963594e-01 4.9235047e-03
3.3000000e+02 9.6988530e-01 4.9241378e-03
3.3100000e+02 9.6907054e-01 4.9220691e-03
3.3200000e+02 9.7097008e-01 4.9268907e-03
3.3300000e+02 9.7132756e-01 4.9277976e-03
3.3400000e+02 9.7213564e-01 4.9298470e-03
3.3500000e+02 9.7539478e-01 4.9381039e-03
3.3600000e+02 9.7669895e-01 4.9414040e-03
3.3700000e+02 9.7548646e-01 4.9383359e-03
3.3800000e+02 9.7454014e-01 4.9359400e-03
3.3900000e+02 9.7550139e-01 4.9383737e-03
3.4000000e+02 9.7697311e-01 4.9420975e-03
3.4100000e+02 9.7671010e-01 4.9414323e-03
3.4200000e+02 9.7871129e-01 4.9464919e-03
3.4300000e+02 9.7855765e-01 4.9461037e-03
3.4400000e+02 9.8332874e-01 4.9581467e-03
3.4500000e+02 9.8442316e-01 4.9609051e-03
3.4600000e+02 9.8520618e-01 4.9628777e-03
3.4700000e+02 9.8754833e-01 4.9687733e-03
3.4800000e+02 9.8712722e-01 4.9677138e-03
3.4900000e+02 9.8402539e-01 4.9599027e-03
3.5000000e+02 9.8461064e-01 4.9613775e-03
3.5100000e+02 9.8473865e-01 4.9617000e-03
3.5200000e+02 9.8475736e-01 4.9617471e-03
3.5300000e+02 9.8169297e-01 4.9540210e-03
3.5400000e+02 9.7826369e-01 4.9453607e-03
3.5500000e+02 9.7849510e-01 4.9459456e-03
3.5600000e+02 9.7572455e-01 4.9389386e-03
3.5700000e+02 9.7712106e-01 4.9424717e-03
3.5800000e+02 9.7713584e-01 4.9425091e-03
3.5900000e+02 9.7804304e-01 4.9448029e-03
3.6000000e+02 9.7556705e-01 4.9385399e-03
3.6100000e+02 9.7761230e-01 4.9437140e-03
3.6200000e+02 9.7706586e-01 4.9423321e-03
3.6300000e+02 9.7437963e-01 4.9355335e-03
3.6400000e+02 9.7362082e-01 4.9336113e-03
3.6500000e+02 9.7212101e-01 4.9298099e-03
3.6600000e+02 9.7425151e-01 4.9352090e-03
3.6700000e+02 9.7156497e-01 4.9283998e-03
3.6800000e+02 9.7162560e-01 4.9285536e-03
3.6900000e+02 9.7114093e-01 4.9273242e-03
3.7000000e+02 9.6820954e-01 4.9198820e-03
3.7100000e+02 9.6772998e-01 4.9186634e-03
3.7200000e+02 9.6943910e-01 4.9230049e-03
3.7300000e+02 9.6983523e-01 4.9240107e-03
3.7400000e+02 9.7076430e-01 4.9263686e-03
3.7500000e+02 9.7316631e-01 4.9324596e-03
3.7600000e+02 9.7489725e-01 4.9368443e-03
3.7700000e+02 9.7789662e-01 4.9444328e-03
3.7800000e+02 9.7801086e-01 4.9447216e-03
3.7900000e+02 9.8064534e-01 4.9513769e-03
3.8000000e+02 9.8110970e-01 4.9525491e-03
3.8100000e+02 9.8082491e-01 4.9518303e-03
3.8200000e+02 9.8347127e-01 4.9585060e-03
3.8300000e+02 9.8172744e-01 4.9541080e-03
3.8400000e+02 9.8098363e-01 4.9522309e-03
3.8500000e+02 9.8201690e-01 4.9548383e-03
3.8600000e+02 9.8060429e-01 4.9512733e-03
3.8700000e+02 9.8237550e-01 4.9557429e-03
3.8800000e+02 9.8031735e-01 4.9505489e-03
3.8900000e+02 9.8191480e-01 4.9545807e-03
3.9000000e+02 9.8044336e-01 4.9508670e-03
3.9100000e+02 9.8081252e-01 4.9517990e-03
3.9200000e+02 9.7989523e-01 4.9494829e-03
3.9300000e+02 9.7741141e-01 4.9432060e-03
3.9400000e+02 9.7450954e-01 4.9358625e-03
3.9500000e+02 9.7551407e-01 4.9384058e-03
3.9600000e+02 9.7663683e-01 4.9412469e-03
3.9700000e+02 9.7464819e-01 4.9362136e-03
3.9800000e+02 9.7274128e-01 4.9313824e-03
3.9900000e+02 9.7197501e-01 4.9294397e-03
4.0000000e+02 9.7026633e-01 4.9251049e-03
4.0100000e+02 9.7087054e-01 4.9266382e-03
4.0200000e+02 9.6957745e-01 4.9233562e-03
4.0300000e+02 9.6996098e-01 4.9243299e-03
4.0400000e+02 9.6994748e-01 4.9242956e-03
4.0500000e+02 9.7218020e-01 4.9299600e-03
4.0600000e+02 9.7434724e-01 4.9354515e-03
4.0700000e+02 9.7096598e-01 4.9268803e-03
4.0800000e+02 9.7172886e-01 4.9288154e-03
4.0900000e+02 9.7290576e-01 4.9317993e-03
4.1000000e+02 9.7380077e-01 4.9340672e-03
4.1100000e+02 9.7504218e-01 4.9372112e-03
4.1200000e+02 9.7495146e-01 4.9369815e-03
4.1300000e+02 9.7371596e-01 4.9338524e-03
4.1400000e+02 9.7651596e-01 4.9409411e-03
4.1500000e+02 9.7490743e-01 4.9368701e-03
4.1600000e+02 9.7626477e-01 4.9403056e-03
4.1700000e+02 9.7495688e-01 4.9369953e-03
4.1800000e+02 9.7582081e-01 4.9391822e-03
4.1900000e+02 9.7435545e-01 4.9354723e-03
4.2000000e+02 9.7645714e-01 4.9407923e-03
4.2100000e+02 9.7782451e-01 4.9442505e-03
4.2200000e+02 9.7598488e-01 4.9395974e-03
4.2300000e+02 9.7385162e-01 4.9341961e-03
4.2400000e+02 9.7315791e-01 4.9324383e-03
4.2500000e+02 9.7102638e-01 4.9270336e-03
4.2600000e+02 9.7002075e-01 4.9244816e-03
4.2700000e+02 9.6963197e-01 4.9234946e-03
4.2800000e+02 9.6701398e-01 4.9168435e-03
4.2900000e+02 9.6968679e-01 4.9236338e-03
4.3000000e+02 9.6934351e-01 4.9227622e-03
4.3100000e+02 9.7010899e-01 4.9247056e-03
4.3200000e+02 9.7109110e-01 4.9271978e-03
4.3300000e+02 9.7073690e-01 4.9262991e-03
4.3400000e+02 9.7168986e-01 4.9287165e-03
4.3500000e+02 9.7164341e-01 4.9285987e-03
4.3600000e+02 9.7185675e-01 4.9291398e-03
4.3700000e+02 9.6917167e-01 4.9223259e-03
4.3800000e+02 9.7035232e-01 4.9253232e-03
4.3900000e+02 9.6968803e-01 4.9236370e-03
4.4000000e+02 9.7147637e-01 4.9281751e-03
4.4100000e+02 9.7165718e-01 4.9286337e-03
4.4200000e+02 9.7147602e-01 4.9281742e-03
4.4300000e+02 9.7505956e-01 4.9372552e-03
4.4400000e+02 9.7836218e-01 4.9456096e-03
4.4500000e+02 9.7771996e-01 4.9439862e-03
4.4600000e+02 9.7714455e-01 4.9425311e-03
4.4700000e+02 9.7957120e-01 4.9486645e-03
4.4800000e+02 9.7938810e-01 4.9482020e-03
4.4900000e+02 9.8180651e-01 4.9543075e-03
4.5000000e+02 9.7919696e-01 4.9477191e-03
4.5100000e+02 9.7930340e-01 4.9479880e-03
4.5200000e+02 9.7702660e-01 4.9422328e-03
4.5300000e+02 9.7738447e-01 4.9431379e-03
4.5400000e+02 9.7959488e-01 4.9487243e-03
4.5500000e+02 9.7877769e-01 4.9466597e-03
4.5600000e+02 9.8041394e-01 4.9507927e-03
4.5700000e+02 9.7713938e-01 4.9425181e-03
4.5800000e+02 9.7460196e-01 4.9360966e-03
4.5900000e+02 9.7492869e-01 4.9369239e-03
4.6000000e+02 9.7241977e-01 4.9305674e-03
4.6100000e+02 9.7116913e-01 4.9273957e-03
4.6200000e+02 9.7056650e-01 4.9258667e-03
4.6300000e+02 9.7090317e-01 4.9267210e-03
4.6400000e+02 9.6885757e-01 4.9215282e-03
4.6500000e+02 9.7102299e-01 4.9270250e-03
4.6600000e+02 9.7054434e-01 4.9258105e-03
4.6700000e+02 9.7177885e-01 4.9289422e-03
4.6800000e+02 9.7294622e-01 4.9319018e-03
4.6900000e+02 9.7152691e-01 4.9283032e-03
4.7000000e+02 9.7196501e-01 4.9294143e-03
4.7100000e+02 9.7146045e-01 4.9281347e-03
4.7200000e+02 9.6791960e-01 4.9191453e-03
4.7300000e+02 9.6948745e-01 4.9231277e-03
4.7400000e+02 9.7198732e-01 4.9294709e-03
4.7500000e+02 9.7374794e-01 4.9339334e-03
4.7600000e+02 9.7438687e-01 4.9355518e-03
4.7700000e+02 9.7202599e-01 4.9295689e-03
4.7800000e+02 9.7085677e-01 4.9266032e-03
4.7900000e+02 9.7007554e-01 4.9246207e-03
4.8000000e+02 9.7005518e-01 4.9245690e-03
4.8100000e+02 9.7032516e-01 4.9252542e-03
4.8200000e+02 9.6969930e-01 4.9236656e-03
4.8300000e+02 9.7167977e-01 4.9286910e-03
4.8400000e+02 9.7194868e-01 4.9293729e-03
4.8500000e+02 9.7231327e-01 4.9302974e-03
4.8600000e+02 9.7245863e-01 4.9306659e-03
4.8700000e+02 9.7261306e-01 4.9310574e-03
4.8800000e+02 9.7171509e-01 4.9287805e-03
4.8900000e+02 9.6971212e-01 4.9236981e-03
4.9000000e+02 9.7146128e-01 4.9281368e-03
4.9100000e+02 9.7267043e-01 4.9312028e-03
4.9200000e+02 9.6887865e-01 4.9215817e-03
4.9300000e+02 9.6966660e-01 4.9235826e-03
4.9400000e+02 9.6768897e-01 4.9185592e-03
4.9500000e+02 9.6806942e-01 4.9195260e-03
4.9600000e+02 9.6755001e-01 4.9182060e-03
4.9700000e+02 9.6782797e-01 4.9189124e-03
4.9800000e+02 9.6965190e-01 4.9235452e-03
4.9900000e+02 9.6984441e-01 4.9240340e-03
5.0000000e+02 9.6830498e-01 4.9201245e-03
5.0100000e+02 9.6923774e-01 4.9224936e-03
5.0200000e+02 9.6618655e-01 4.9147395e-03
5.0300000e+02 9.6551990e-01 4.9130436e-03
5.0400000e+02 9.6512207e-01 4.9120314e-03
5.0500000e+02 9.6651980e-01 4.9155870e-03
5.0600000e+02 9.6355673e-01 4.9080463e-03
5.0700000e+02 9.6389196e-01 4.9089000e-03
5.0800000e+02 9.6154554e-01 4.9029215e-03
5.0900000e+02 9.6262543e-01 4.9056739e-03
5.1000000e+02 9.6185317e-01 4.9037057e-03
5.1100000e+02 9.6369302e-01 4.9083934e-03
5.1200000e+02 9.6633020e-01 4.9151048e-03
5.1300000e+02 9.6475459e-01 4.9110961e-03
5.1400000e+02 9.6402804e-01 4.9092465e-03
5.1500000e+02 9.6392225e-01 4.9089771e-03
5.1600000e+02 9.6577747e-01 4.9136989e-03
5.1700000e+02 9.6456807e-01 4.9106213e-03
5.1800000e+02 9.6303806e-01 4.9067252e-03
5.1900000e+02 9.6448507e-01 4.9104101e-03
5.2000000e+02 9.6384076e-01 4.9087696e-03
5.2100000e+02 9.6119135e-01 4.9020183e-03
5.2200000e+02 9.6016164e-01 4.8993919e-03
5.2300000e+02 9.5952586e-01 4.8977696e-03
5.2400000e+02 9.5987874e-01 4.8986701e-03
5.2500000e+02 9.5908063e-01 4.8966331e-03
5.2600000e+02 9.5981262e-01 4.8985014e-03
5.2700000e+02 9.5732532e-01 4.8921502e-03
5.2800000e+02 9.5370737e-01 4.8828971e-03
5.2900000e+02 9.5490879e-01 4.8859717e-03
5.3000000e+02 9.5524026e-01 4.8868197e-03
5.3100000e+02 9.5523248e-01 4.8867998e-03
5.3200000e+02 9.5614455e-01 4.8891322e-03
5.3300000e+02 9.5335894e-01 4.8820051e-03
5.3400000e+02 9.5685228e-01 4.8909413e-03
5.3500000e+02 9.6057252e-01 4.9004401e-03
5.3600000e+02 9.5964977e-01 4.8980858e-03
5.3700000e+02 9.6214614e-01 4.9044524e-03
5.3800000e+02 9.6104316e-01 4.9016405e-03
5.3900000e+02 9.6575304e-01 4.9136368e-03
5.4000000e+02 9.6793837e-01 4.9191930e-03
5.4100000e+02 9.6781773e-01 4.9188864e-03
5.4200000e+02 9.6864654e-01 4.9209922e-03
5.4300000e+02 9.6723273e-01 4.9173996e-03
5.4400000e+02 9.6808081e-01 4.9195549e-03
5.4500000e+02 9.6782524e-01 4.9189055e-03
5.4600000e+02 9.6800114e-01 4.9193525e-03
5.4700000e+02 9.6696239e-01 4.9167123e-03
5.4800000e+02 9.6767795e-01 4.9185312e-03
5.4900000e+02 9.7257999e-01 4.9309735e-03
5.5000000e+02 9.7147227e-01 4.9281647e-03
5.5100000e+02 9.7512240e-01 4.9374143e-03
5.5200000e+02 9.7370655e-01 4.9338285e-03
5.5300000e+02 9.7104061e-01 4.9270697e-03
5.5400000e+02 9.7486401e-01 4.9367601e-03
5.5500000e+02 9.7454157e-01 4.9359436e-03
5.5600000e+02 9.7136486e-01 4.9278922e-03
5.5700000e+02 9.7462675e-01 4.9361593e-03
5.5800000e+02 9.7489170e-01 4.9368302e-03
5.5900000e+02 9.7632690e-01 4.9404628e-03
5.6000000e+02 9.7622006e-01 4.9401925e-03
5.6100000e+02 9.7851626e-01 4.9459991e-03
5.6200000e+02 9.7776059e-01 4.9440889e-03
5.6300000e+02 9.7707216e-01 4.9423480e-03
5.6400000e+02 9.7908310e-01 4.9474314e-03
5.6500000e+02 9.7926449e-01 4.9478897e-03
5.6600000e+02 9.7882977e-01 4.9467913e-03
5.6700000e+02 9.8092356e-01 4.9520793e-03
5.6800000e+02 9.8027885e-01 4.9504516e-03
5.6900000e+02 9.7863830e-01 4.9463075e-03
5.7000000e+02 9.7791798e-01 4.9444868e-03
5.7100000e+02 9.7779233e-01 4.9441691e-03
5.7200000e+02 9.7803289e-01 4.9447773e-03
5.7300000e+02 9.8221507e-01 4.9553382e-03
5.7400000e+02 9.8190805e-01 4.9545637e-03
5.7500000e+02 9.8037679e-01 4.9506989e-03
5.7600000e+02 9.8008823e-01 4.9499703e-03
5.7700000e+02 9.7991856e-01 4.9495418e-03
5.7800000e+02 9.8090152e-01 4.9520237e-03
5.7900000e+02 9.8265706e-01 4.9564530e-03
5.8000000e+02 9.8262504e-01 4.9563723e-03
5.8100000e+02 9.8077131e-01 4.9516950e-03
5.8200000e+02 9.7888463e-01 4.9469300e-03
5.8300000e+02 9.7933548e-01 4.9480691e-03
5.8400000e+02 9.7917285e-01 4.9476582e-03
5.8500000e+02 9.7761280e-01 4.9437152e-03
5.8600000e+02 9.7550179e-01 4.9383747e-03
5.8700000e+02 9.7208957e-01 4.9297302e-03
5.8800000e+02 9.7280193e-01 4.9315361e-03
5.8900000e+02 9.7279945e-01 4.9315298e-03
5.9000000e+02 9.7520037e-01 4.9376117e-03
5.9100000e+02 9.7492789e-01 4.9369219e-03
5.9200000e+02 9.7271486e-01 4.9313154e-03
5.9300000e+02 9.7116842e-01 4.9273939e-03
5.9400000e+02 9.7098702e-01 4.9269337e-03
5.9500000e+02 9.6821109e-01 4.9198859e-03
5.9600000e+02 9.6899059e-01 4.9218660e-03
5.9700000e+02 9.6794514e-01 4.9192102e-03
5.9800000e+02 9.6774682e-01 4.9187062e-03
5.9900000e+02 9.6445862e-01 4.9103427e-03
6.0000000e+02 9.6269312e-01 4.9058463e-03
6.0100000e+02 9.6152400e-01 4.9028665e-03
6.0200000e+02 9.5886090e-01 4.8960722e-03
6.0300000e+02 9.5682158e-01 4.8908629e-03
6.0400000e+02 9.5926754e-01 4.8971102e-03
6.0500000e+02 9.6136789e-01 4.9024685e-03
6.0600000e+02 9.5895212e-01 4.8963051e-03
6.0700000e+02 9.6010508e-01 4.8992476e-03
6.0800000e+02 9.6179425e-01 4.9035555e-03
6.0900000e+02 9.6194501e-01 4.9039398e-03
6.1000000e+02 9.6226083e-01 4.9047448e-03
6.1100000e+02 9.6288592e-01 4.9063376e-03
6.1200000e+02 9.6303194e-01 4.9067096e-03
6.1300000e+02 9.6320174e-01 4.9071421e-03
6.1400000e+02 9.6489659e-01 4.9114575e-03
6.1500000e+02 9.6488991e-01 4.9114405e-03
6.1600000e+02 9.6722025e-01 4.9173678e-03
6.1700000e+02 9.6503061e-01 4.9117986e-03
6.1800000e+02 9.6554406e-01 4.9131051e-03
6.1900000e+02 9.6627830e-01 4.9149728e-03
6.2000000e+02 9.6498333e-01 4.9116783e-03
6.2100000e+02 9.6432368e-01 4.9099992e-03
6.2200000e+02 9.6254172e-01 4.9054605e-03
6.2300000e+02 9.6619806e-01 4.9147687e-03
6.2400000e+02 9.6828721e-01 4.9200793e-03
6.2500000e+02 9.6881421e-01 4.9214180e-03
6.2600000e+02 9.6790825e-01 4.9191164e-03
6.2700000e+02 9.6827573e-01 4.9200501e-03
6.2800000e+02 9.6834938e-01 4.9202373e-03
6.2900000e+02 9.6824473e-01 4.9199714e-03
6.3000000e+02 9.6743467e-01 4.9179129e-03
6.3100000e+02 9.6739843e-01 4.9178208e-03
6.3200000e+02 9.6802585e-01 4.9194153e-03
6.3300000e+02 9.6741638e-01 4.9178664e-03
6.3400000e+02 9.6966026e-01 4.9235665e-03
6.3500000e+02 9.7218399e-01 4.9299696e-03
6.3600000e+02 9.7558697e-01 4.9385903e-03
6.3700000e+02 9.7438584e-01 4.9355492e-03
6.3800000e+02 9.7505086e-01 4.9372332e-03
6.3900000e+02 9.7725428e-01 4.9428086e-03
6.4000000e+02 9.7915537e-01 4.9476140e-03
6.4100000e+02 9.8134698e-01 4.9531480e-03
6.4200000e+02 9.8041010e-01 4.9507830e-03
6.4300000e+02 9.8126229e-01 4.9529342e-03
6.4400000e+02 9.8096063e-01 4.9521729e-03
6.4500000e+02 9.8190018e-01 4.9545439e-03
6.4600000e+02 9.8260356e-01 4.9563181e-03
6.4700000e+02 9.8289453e-01 4.9570519e-03
6.4800000e+02 9.7935214e-01 4.9481111e-03
6.4900000e+02 9.8004454e-01 4.9498600e-03
6.5000000e+02 9.7967654e-01 4.9489306e-03
6.5100000e+02 9.7779211e-01 4.9441686e-03
6.5200000e+02 9.7910978e-01 4.9474988e-03
6.5300000e+02 9.8244714e-01 4.9559236e-03
6.5400000e+02 9.8064648e-01 4.9513798e-03
6.5500000e+02 9.7665850e-01 4.9413017e-03
6.5600000e+02 9.7653502e-01 4.9409894e-03
6.5700000e+02 9.7569989e-01 4.9388761e-03
6.5800000e+02 9.7818437e-01 4.9451602e-03
6.5900000e+02 9.7787772e-01 4.9443850e-03
6.6000000e+02 9.7623418e-01 4.9402282e-03
6.6100000e+02 9.7793238e-01 4.9445232e-03
6.6200000e+02 9.7924130e-01 4.9478311e-03
6.6300000e+02 9.7766369e-01 4.9438439e-03
6.6400000e+02 9.7554048e-01 4.9384727e-03
6.6500000e+02 9.7396901e-01 4.9344934e-03
6.6600000e+02 9.7356342e-01 4.9334659e-03
6.6700000e+02 9.7393058e-01 4.9343961e-03
6.6800000e+02 9.7311941e-01 4.9323408e-03
6.6900000e+02 9.7185592e-01 4.9291377e-03
6.7000000e+02 9.7188916e-01 4.9292220e-03
6.7100000e+02 9.6874634e-01 4.9212457e-03
6.7200000e+02 9.6902292e-01 4.9219481e-03
6.7300000e+02 9.6732475e-01 4.9176335e-03
6.7400000e+02 9.6724739e-01 4.9174368e-03
6.7500000e+02 9.6846294e-01 4.9205258e-03
6.7600000e+02 9.6643146e-01 4.9153623e-03
6.7700000e+02 9.6460548e-01 4.9107166e-03
6.7800000e+02 9.6571118e-01 4.9135303e-03
6.7900000e+02 9.6630858e-01 4.9150498e-03
6.8000000e+02 9.6680149e-01 4.9163032e-03
6.8100000e+02 9.6865378e-01 4.9210105e-03
6.8200000e+02 9.6888277e-01 4.9215922e-03
6.8300000e+02 9.7213560e-01 4.9298469e-03
6.8400000e+02 9.7100731e-01 4.9269852e-03
6.8500000e+02 9.7013047e-01 4.9247601e-03
6.8600000e+02 9.7073271e-01 4.9262884e-03
6.8700000e+02 9.7166281e-01 4.9286479e-03
6.8800000e+02 9.7281317e-01 4.9315646e-03
6.8900000e+02 9.7247799e-01 4.9307150e-03
6.9000000e+02 9.7325758e-01 4.9326909e-03
6.9100000e+02 9.7023279e-01 4.9250198e-03
6.9200000e+02 9.6733175e-01 4.9176513e-03
6.9300000e+02 9.6997778e-01 4.9243725e-03
6.9400000e+02 9.6829949e-01 4.9201105e-03
6.9500000e+02 9.6824211e-01 4.9199647e-03
6.9600000e+02 9.7073108e-01 4.9262843e-03
6.9700000e+02 9.7212700e-01 4.9298251e-03
6.9800000e+02 9.7063816e-01 4.9260485e-03
6.9900000e+02 9.6888420e-01 4.9215958e-03
7.0000000e+02 9.7173873e-01 4.9288405e-03
7.0100000e+02 9.7264736e-01 4.9311443e-03
7.0200000e+02 9.6874124e-01 4.9212327e-03
7.0300000e+02 9.6774363e-01 4.9186981e-03
7.0400000e+02 9.6999756e-01 4.9244227e-03
7.0500000e+02 9.7073086e-01 4.9262838e-03
7.0600000e+02 9.6804797e-01 4.9194715e-03
7.0700000e+02 9.7079622e-01 4.9264496e-03
7.0800000e+02 9.7141794e-01 4.9280269e-03
7.0900000e+02 9.7215540e-01 4.9298971e-03
7.1000000e+02 9.7287971e-01 4.9317333e-03
7.1100000e+02 9.7636331e-01 4.9405549e-03
7.1200000e+02 9.7628995e-01 4.9403693e-03
7.1300000e+02 9.7786610e-01 4.9443556e-03
7.1400000e+02 9.7948583e-01 4.9484489e-03
7.1500000e+02 9.7733838e-01 4.9430213e-03
7.1600000e+02 9.7685231e-01 4.9417920e-03
7.1700000e+02 9.7586221e-01 4.9392869e-03
7.1800000e+02 9.7574375e-01 4.9389871e-03
7.1900000e+02 9.7368730e-01 4.9337798e-03
7.2000000e+02 9.7513568e-01 4.9374479e-03
7.2100000e+02 9.7630495e-01 4.9404073e-03
7.2200000e+02 9.7634335e-01 4.9405044e-03
7.2300000e+02 9.7828190e-01 4.9454067e-03
7.2400000e+02 9.8179085e-01 4.9542680e-03
7.2500000e+02 9.8304693e-01 4.9574362e-03
7.2600000e+02 9.8450937e-01 4.9611223e-03
7.2700000e+02 9.8249371e-01 4.9560410e-03
7.2800000e+02 9.8319216e-01 4.9578024e-03
7.2900000e+02 9.8288201e-01 4.9570203e-03
7.3000000e+02 9.8266281e-01 4.9564675e-03
7.3100000e+02 9.8398401e-01 4.9597984e-03
7.3200000e+02 9.8278768e-01 4.9567825e-03
7.3300000e+02 9.7973571e-01 4.9490800e-03
7.3400000e+02 9.7728783e-01 4.9428935e-03
7.3500000e+02 9.7633359e-01 4.9404797e-03
7.3600000e+02 9.7738913e-01 4.9431497e-03
7.3700000e+02 9.7540587e-01 4.9381319e-03
7.3800000e+02 9.7206967e-01 4.9296797e-03
7.3900000e+02 9.7317159e-01 4.9324730e-03
7.4000000e+02 9.7551293e-01 4.9384029e-03
7.4100000e+02 9.7456812e-01 4.9360109e-03
7.4200000e+02 9.7625588e-01 4.9402831e-03
7.4300000e+02 9.7620572e-01 4.9401562e-03
7.4400000e+02 9.7437852e-01 4.9355307e-03
7.4500000e+02 9.7519097e-01 4.9375879e-03
7.4600000e+02 9.7514162e-01 4.9374630e-03
7.4700000e+02 9.7530131e-01 4.9378673e-03
7.4800000e+02 9.7325884e-01 4.9326941e-03
7.4900000e+02 9.7237955e-01 4.9304654e-03
7.5000000e+02 9.7284851e-01 4.9316542e-03
7.5100000e+02 9.7126683e-01 4.9276436e-03
7.5200000e+02 9.7258695e-01 4.9309912e-03
7.5300000e+02 9.7092275e-01 4.9267706e-03
7.5400000e+02 9.7139800e-01 4.9279763e-03
7.5500000e+02 9.7258093e-01 4.9309759e-03
7.5600000e+02 9.7058119e-01 4.9259040e-03
7.5700000e+02 9.7185641e-01 4.9291389e-03
7.5800000e+02 9.7131606e-01 4.9277684e-03
7.5900000e+02 9.6972927e-01 4.9237417e-03
7.6000000e+02 9.6751442e-01 4.9181156e-03
7.6100000e+02 9.6710866e-01 4.9170842e-03
7.6200000e+02 9.6646761e-01 4.9154542e-03
7.6300000e+02 9.6632168e-01 4.9150831e-03
7.6400000e+02 9.6447331e-01 4.9103801e-03
7.6500000e+02 9.6643447e-01 4.9153700e-03
7.6600000e+02 9.6684383e-01 4.9164109e-03
7.6700000e+02 9.6613001e-01 4.9145957e-03
7.6800000e+02 9.6550328e-01 4.9130013e-03
7.6900000e+02 9.6673138e-01 4.9161250e-03
7.7000000e+02 9.6738612e-01 4.9177895e-03
7.7100000e+02 9.6690945e-01 4.9165777e-03
7.7200000e+02 9.6360029e-01 4.9081572e-03
7.7300000e+02 9.6277549e-01 4.9060562e-03
7.7400000e+02 9.6407822e-01 4.9093743e-03
7.7500000e+02 9.6531974e-01 4.9125343e-03
7.7600000e+02 9.6382120e-01 4.9087198e-03
7.7700000e+02 9.6654506e-01 4.9156512e-03
7.7800000e+02 9.6507400e-01 4.9119090e-03
7.7900000e+02 9.6572906e-01 4.9135758e-03
7.8000000e+02 9.6736308e-01 4.9177309e-03
7.8100000e+02 9.7037198e-01 4.9253731e-03
7.8200000e+02 9.7018831e-01 4.9249069e-03
7.8300000e+02 9.7015954e-01 4.9248339e-03
7.8400000e+02 9.7131977e-01 4.9277778e-03
7.8500000e+02 9.7159024e-01 4.9284639e-03
7.8600000e+02 9.7167914e-01 4.9286894e-03
7.8700000e+02 9.7366712e-01 4.9337286e-03
7.8800000e+02 9.7426812e-01 4.9352511e-03
7.8900000e+02 9.7569786e-01 4.9388710e-03
7.9000000e+02 9.7794557e-01 4.9445566e-03
7.9100000e+02 9.8188755e-01 4.9545120e-03
7.9200000e+02 9.8163927e-01 4.9538855e-03
7.9300000e+02 9.8089296e-01 4.9520020e-03
7.9400000e+02 9.7981135e-01 4.9492711e-03
7.9500000e+02 9.7906024e-01 4.9473737e-03
7.9600000e+02 9.7831454e-01 4.9454892e-03
7.9700000e+02 9.8075653e-01 4.9516576e-03
7.9800000e+02 9.8085631e-01 4.9519095e-03
7.9900000e+02 9.7849532e-01 4.9459462e-03
8.0000000e+02 9.7641665e-01 4.9406899e-03
8.0100000e+02 9.7343507e-01 4.9331407e-03
8.0200000e+02 9.7417462e-01 4.9350143e-03
8.0300000e+02 9.7044050e-01 4.9255470e-03
8.0400000e+02 9.6681862e-01 4.9163468e-03
8.0500000e+02 9.6708876e-01 4.9170336e-03
8.0600000e+02 9.6677587e-01 4.9162381e-03
8.0700000e+02 9.6486772e-01 4.9113841e-03
8.0800000e+02 9.6215519e-01 4.9044755e-03
8.0900000e+02 9.6203932e-01 4.9041802e-03
8.1000000e+02 9.6061112e-01 4.9005386e-03
8.1100000e+02 9.5779194e-01 4.8933423e-03
8.1200000e+02 9.5695054e-01 4.8911925e-03
8.1300000e+02 9.5730661e-01 4.8921024e-03
8.1400000e+02 9.5867815e-01 4.8956056e-03
8.1500000e+02 9.6111351e-01 4.9018199e-03
8.1600000e+02 9.6360901e-01 4.9081794e-03
8.1700000e+02 9.6486419e-01 4.9113751e-03
8.1800000e+02 9.6676849e-01 4.9162193e-03
8.1900000e+02 9.6820098e-01 4.9198602e-03
8.2000000e+02 9.7180536e-01 4.9290095e-03
8.2100000e+02 9.7276691e-01 4.9314473e-03
8.2200000e+02 9.7393081e-01 4.9343967e-03
8.2300000e+02 9.7442870e-01 4.9356578e-03
8.2400000e+02 9.7558192e-01 4.9385776e-03
8.2500000e+02 9.7620785e-01 4.9401616e-03
8.2600000e+02 9.7674521e-01 4.9415211e-03
8.2700000e+02 9.7734776e-01 4.9430450e-03
8.2800000e+02 9.7627339e-01 4.9403274e-03
8.2900000e+02 9.7680413e-01 4.9416701e-03
8.3000000e+02 9.7615570e-01 4.9400296e-03
8.3100000e+02 9.7386550e-01 4.9342312e-03
8.3200000e+02 9.7235046e-01 4.9303917e-03
8.3300000e+02 9.7251370e-01 4.9308055e-03
8.3400000e+02 9.7432040e-01 4.9353835e-03
8.3500000e+02 9.7462309e-01 4.9361501e-03
8.3600000e+02 9.7492267e-01 4.9369086e-03
8.3700000e+02 9.7487919e-01 4.9367986e-03
8.3800000e+02 9.7340229e-01 4.9330576e-03
8.3900000e+02 9.7273703e-01 4.9313716e-03
8.4000000e+02 9.7178748e-01 4.9289641e-03
8.4100000e+02 9.6971840e-01 4.9237141e-03
8.4200000e+02 9.6615863e-01 4.9146685e-03
8.4300000e+02 9.6613566e-01 4.9146100e-03
8.4400000e+02 9.6511634e-01 4.9120168e-03
8.4500000e+02 9.6458094e-01 4.9106541e-03
8.4600000e+02 9.6648645e-01 4.9155022e-03
8.4700000e+02 9.6469854e-01 4.9109534e-03
8.4800000e+02 9.6410843e-01 4.9094512e-03
8.4900000e+02 9.6252112e-01 4.9054081e-03
8.5000000e+02 9.6420684e-01 4.9097017e-03
8.5100000e+02 9.6573814e-01 4.9135988e-03
8.5200000e+02 9.6504367e-01 4.9118318e-03
8.5300000e+02 9.6797278e-01 4.9192804e-03
8.5400000e+02 9.6821344e-01 4.9198919e-03
8.5500000e+02 9.6805125e-01 4.9194798e-03
8.5600000e+02 9.7113059e-01 4.9272979e-03
8.5700000e+02 9.7160148e-01 4.9284924e-03
8.5800000e+02 9.7103933e-01 4.9270664e-03
8.5900000e+02 9.7147818e-01 4.9281797e-03
8.6000000e+02 9.7173058e-01 4.9288198e-03
8.6100000e+02 9.7123675e-01 4.9275672e-03
8.6200000e+02 9.7134618e-01 4.9278448e-03
8.6300000e+02 9.6909545e-01 4.9221323e-03
8.6400000e+02 9.6798522e-01 4.9193120e-03
8.6500000e+02 9.6636449e-01 4.9151920e-03
8.6600000e+02 9.6685451e-01 4.9164380e-03
8.6700000e+02 9.6148633e-01 4.9027705e-03
8.6800000e+02 9.6079411e-01 4.9010053e-03
8.6900000e+02 9.6378593e-01 4.9086300e-03
8.7000000e+02 9.6835214e-01 4.9202443e-03
8.7100000e+02 9.6832969e-01 4.9201872e-03
8.7200000e+02 9.6974398e-01 4.9237790e-03
8.7300000e+02 9.6996891e-01 4.9243500e-03
8.7400000e+02 9.6879998e-01 4.9213819e-03
8.7500000e+02 9.6759269e-01 4.9183145e-03
8.7600000e+02 9.6742992e-01 4.9179008e-03
8.7700000e+02 9.6940483e-01 4.9229179e-03
8.7800000e+02 9.6748959e-01 4.9180525e-03
8.7900000e+02 9.6632764e-01 4.9150983e-03
8.8000000e+02 9.6671367e-01 4.9160799e-03
8.8100000e+02 9.6993406e-01 4.9242615e-03
8.8200000e+02 9.7050929e-01 4.9257215e-03
8.8300000e+02 9.6993115e-01 4.9242541e-03
8.8400000e+02 9.6834083e-01 4.9202156e-03
8.8500000e+02 9.6993793e-01 4.9242714e-03
8.8600000e+02 9.6996159e-01 4.9243314e-03
8.8700000e+02 9.7193217e-01 4.9293310e-03
8.8800000e+02 9.7310908e-01 4.9323146e-03
8.8900000e+02 9.7158973e-01 4.9284626e-03
8.9000000e+02 9.7214919e-01 4.9298813e-03
8.9100000e+02 9.7364219e-01 4.9336655e-03
8.9200000e+02 9.7151199e-01 4.9282654e-03
8.9300000e+02 9.7080977e-01 4.9264840e-03
8.9400000e+02 9.6906343e-01 4.9220510e-03
8.9500000e+02 9.7298320e-01 4.9319956e-03
8.9600000e+02 9.7163597e-01 4.9285799e-03
8.9700000e+02 9.7392360e-01 4.9343784e-03
8.9800000e+02 9.7739037e-01 4.9431528e-03
8.9900000e+02 9.7531548e-01 4.9379031e-03
9.0000000e+02 9.7320739e-01 4.9325637e-03
9.0100000e+02 9.7021223e-01 4.9249676e-03
9.0200000e+02 9.6968834e-01 4.9236378e-03
9.0300000e+02 9.6675792e-01 4.9161924e-03
9.0400000e+02 9.6597290e-01 4.9141961e-03
9.0500000e+02 9.6629171e-01 4.9150069e-03
9.0600000e+02 9.6613736e-01 4.9146144e-03
9.0700000e+02 9.6433613e-01 4.9100309e-03
9.0800000e+02 9.6393126e-01 4.9090001e-03
9.0900000e+02 9.6045618e-01 4.9001433e-03
9.1000000e+02 9.6110968e-01 4.9018101e-03
9.1100000e+02 9.6144658e-01 4.9026692e-03
9.1200000e+02 9.6194161e-01 4.9039311e-03
9.1300000e+02 9.6059458e-01 4.9004964e-03
9.1400000e+02 9.6039636e-01 4.8999907e-03
9.1500000e+02 9.5998333e-01 4.8989370e-03
9.1600000e+02 9.6192368e-01 4.9038854e-03
9.1700000e+02 9.6390053e-01 4.9089218e-03
9.1800000e+02 9.6292998e-01 4.9064498e-03
9.1900000e+02 9.6119880e-01 4.9020373e-03
9.2000000e+02 9.5973750e-01 4.8983097e-03
9.2100000e+02 9.6105531e-01 4.9016715e-03
9.2200000e+02 9.6108015e-01 4.9017348e-03
9.2300000e+02 9.6189971e-01 4.9038243e-03
9.2400000e+02 9.5941852e-01 4.8974956e-03
9.2500000e+02 9.5882784e-01 4.8959878e-03
9.2600000e+02 9.6098477e-01 4.9014916e-03
9.2700000e+02 9.6170876e-01 4.9033376e-03
9.2800000e+02 9.6208026e-01 4.9042845e-03
9.2900000e+02 9.6493992e-01 4.9115678e-03
9.3000000e+02 9.6588093e-01 4.9139621e-03
9.3100000e+02 9.6619974e-01 4.9147730e-03
9.3200000e+02 9.6708862e-01 4.9170332e-03
9.3300000e+02 9.6529654e-01 4.9124753e-03
9.3400000e+02 9.6708555e-01 4.9170254e-03
9.3500000e+02 9.6826987e-01 4.9200353e-03
9.3600000e+02 9.7026933e-01 4.9251125e-03
9.3700000e+02 9.7202643e-01 4.9295701e-03
9.3800000e+02 9.7080340e-01 4.9264678e-03
9.3900000e+02 9.6570758e-01 4.9135211e-03
9.4000000e+02 9.6569484e-01 4.9134887e-03
9.4100000e+02 9.6698156e-01 4.9167611e-03
9.4200000e+02 9.6422221e-01 4.9097409e-03
9.4300000e+02 9.6592645e-01 4.9140779e-03
9.4400000e+02 9.6606332e-01 4.9144260e-03
9.4500000e+02 9.6643985e-01 4.9153837e-03
9.4600000e+02 9.6758111e-01 4.9182851e-03
9.4700000e+02 9.6524854e-01 4.9123532e-03
9.4800000e+02 9.6672208e-01 4.9161013e-03
9.4900000e+02 9.6747945e-01 4.9180267e-03
9.5000000e+02 9.6624708e-01 4.9148934e-03
9.5100000e+02 9.6660099e-01 4.9157934e-03
9.5200000e+02 9.6558711e-01 4.9132146e-03
9.5300000e+02 9.6308907e-01 4.9068551e-03
9.5400000e+02 9.6301270e-01 4.9066606e-03
9.5500000e+02 9.6420463e-01 4.9096961e-03
9.5600000e+02 9.6285248e-01 4.9062524e-03
9.5700000e+02 9.5749443e-01 4.8925823e-03
9.5800000e+02 9.5739274e-01 4.8923224e-03
9.5900000e+02 9.5971312e-01 4.8982475e-03
9.6000000e+02 9.5864894e-01 4.8955310e-03
9.6100000e+02 9.6081128e-01 4.9010491e-03
9.6200000e+02 9.6346553e-01 4.9078140e-03
9.6300000e+02 9.6298574e-01 4.9065919e-03
9.6400000e+02 9.6285407e-01 4.9062564e-03
9.6500000e+02 9.6026319e-01 4.8996510e-03
9.6600000e+02 9.6283854e-01 4.9062168e-03
9.6700000e+02 9.6288323e-01 4.9063307e-03
9.6800000e+02 9.6347511e-01 4.9078384e-03
9.6900000e+02 9.6194328e-01 4.9039354e-03
9.7000000e+02 9.6377371e-01 4.9085989e-03
9.7100000e+02 9.6332433e-01 4.9074544e-03
9.7200000e+02 9.6408221e-01 4.9093844e-03
9.7300000e+02 9.6682350e-01 4.9163592e-03
9.7400000e+02 9.6659880e-01 4.9157879e-03
9.7500000e+02 9.6492086e-01 4.9115193e-03
9.7600000e+02 9.6614407e-01 4.9146314e-03
9.7700000e+02 9.6624449e-01 4.9148868e-03
9.7800000e+02 9.6603286e-01 4.9143486e-03
9.7900000e+02 9.6806030e-01 4.9195028e-03
9.8000000e+02 9.6838196e-01 4.9203200e-03
9.8100000e+02 9.7056060e-01 4.9258517e-03
9.8200000e+02 9.7123312e-01 4.9275580e-03
9.8300000e+02 9.6945378e-01 4.9230422e-03
9.8400000e+02 9.7110699e-01 4.9272381e-03
9.8500000e+02 9.7121445e-01 4.9275107e-03
9.8600000e+02 9.7160271e-01 4.9284955e-03
9.8700000e+02 9.7485636e-01 4.9367408e-03
9.8800000e+02 9.7266486e-01 4.9311887e-03
9.8900000e+02 9.7073326e-01 4.9262898e-03
9.9000000e+02 9.7042089e-01 4.9254972e-03
9.9100000e+02 9.7301269e-01 4.9320703e-03
9.9200000e+02 9.7586791e-01 4.9393014e-03
9.9300000e+02 9.7515303e-01 4.9374919e-03
9.9400000e+02 9.7395046e-01 4.9344465e-03
9.9500000e+02 9.7444512e-01 4.9356994e-03
9.9600000e+02 9.7487038e-01 4.9367763e-03
9.9700000e+02 9.7508912e-01 4.9373301e-03
9.9800000e+02 9.7419813e-01 4.9350738e-03
9.9900000e+02 9.7405539e-01 4.9347122e-03
1.0000000e+03 9.7544545e-01 4.9382321e-03
