1.0000000e+00 9.3800275e-01 4.8425271e-03
2.0000000e+00 9.4010772e-01 4.8479576e-03
3.0000000e+00 9.3880992e-01 4.8446102e-03
4.0000000e+00 9.3788409e-01 4.8422208e-03
5.0000000e+00 9.4104981e-01 4.8503861e-03
6.0000000e+00 9.4417607e-01 4.8584362e-03
7.0000000e+00 9.4472017e-01 4.8598358e-03
8.0000000e+00 9.5493095e-01 4.8860285e-03
9.0000000e+00 9.4887161e-01 4.8705021e-03
1.0000000e+01 9.4497235e-01 4.8604844e-03
1.1000000e+01 9.5120083e-01 4.8764763e-03
1.2000000e+01 9.4606042e-01 4.8632819e-03
1.3000000e+01 9.4171248e-01 4.8520936e-03
1.4000000e+01 9.4411021e-01 4.8582667e-03
1.5000000e+01 9.4287331e-01 4.8550832e-03
1.6000000e+01 9.4494159e-01 4.8604053e-03
1.7000000e+01 9.3898175e-01 4.8450536e-03
1.8000000e+01 9.5099303e-01 4.8759436e-03
1.9000000e+01 9.5606534e-01 4.8889297e-03
2.0000000e+01 9.5363659e-01 4.8827159e-03
2.1000000e+01 9.5683980e-01 4.8909094e-03
2.2000000e+01 9.5406248e-01 4.8838061e-03
2.3000000e+01 9.5181177e-01 4.8780421e-03
2.4000000e+01 9.4114787e-01 4.8506388e-03
2.5000000e+01 9.5264142e-01 4.8801676e-03
2.6000000e+01 9.5262880e-01 4.8801353e-03
2.7000000e+01 9.4973765e-01 4.8727242e-03
2.8000000e+01 9.5917127e-01 4.8968645e-03
2.9000000e+01 9.7035094e-01 4.9253197e-03
3.0000000e+01 9.6100883e-01 4.9015529e-03
3.1000000e+01 9.5155680e-01 4.8773887e-03
3.2000000e+01 9.4389847e-01 4.8577219e-03
3.3000000e+01 9.4184606e-01 4.8524377e-03
3.4000000e+01 9.4029198e-01 4.8484327e-03
3.5000000e+01 9.4694054e-01 4.8655435e-03
3.6000000e+01 9.4784297e-01 4.8678614e-03
3.7000000e+01 9.3897353e-01 4.8450324e-03
3.8000000e+01 9.4332787e-01 4.8562534e-03
3.9000000e+01 9.5428860e-01 4.8843848e-03
4.0000000e+01 9.4569203e-01 4.8623349e-03
4.1000000e+01 9.4254293e-01 4.8542325e-03
4.2000000e+01 9.3722454e-01 4.8405179e-03
4.3000000e+01 9.3094197e-01 4.8242667e-03
4.4000000e+01 9.3631087e-01 4.8381579e-03
4.5000000e+01 9.3659237e-01 4.8388852e-03
4.6000000e+01 9.3675668e-01 4.8393096e-03
4.7000000e+01 9.3745394e-01 4.8411103e-03
4.8000000e+01 9.5196938e-01 4.8784459e-03
4.9000000e+01 9.5192620e-01 4.8783353e-03
5.0000000e+01 9.5636875e-01 4.8897054e-03
5.1000000e+01 9.4982984e-01 4.8729607e-03
5.2000000e+01 9.4168216e-01 4.8520155e-03
5.3000000e+01 9.3214987e-01 4.8273955e-03
5.4000000e+01 9.3640200e-01 4.8383934e-03
5.5000000e+01 9.3678739e-01 4.8393889e-03
5.6000000e+01 9.2895626e-01 4.8191189e-03
5.7000000e+01 9.3038845e-01 4.8228323e-03
5.8000000e+01 9.3449000e-01 4.8334512e-03
5.9000000e+01 9.4035813e-01 4.8486033e-03
6.0000000e+01 9.4844537e-01 4.8694080e-03
6.1000000e+01 9.4873957e-01 4.8701632e-03
6.2000000e+01 9.5416344e-01 4.8840645e-03
6.3000000e+01 9.5177935e-01 4.8779590e-03
6.4000000e+01 9.5798399e-01 4.8938329e-03
6.5000000e+01 9.5218473e-01 4.8789977e-03
6.6000000e+01 9.4858208e-01 4.8697590e-03
6.7000000e+01 9.4147271e-01 4.8514758e-03
6.8000000e+01 9.4861957e-01 4.8698552e-03
6.9000000e+01 9.5104542e-01 4.8760779e-03
7.0000000e+01 9.5112951e-01 4.8762935e-03
7.1000000e+01 9.4979011e-01 4.8728588e-03
7.2000000e+01 9.4467601e-01 4.8597223e-03
7.3000000e+01 9.5080796e-01 4.8754691e-03
7.4000000e+01 9.4201402e-01 4.8528704e-03
7.5000000e+01 9.3933947e-01 4.8459764e-03
7.6000000e+01 9.2952307e-01 4.8205889e-03
7.7000000e+01 9.2451159e-01 4.8075763e-03
7.8000000e+01 9.2278617e-01 4.8030880e-03
7.9000000e+01 9.2350180e-01 4.8049501e-03
8.0000000e+01 9.2119946e-01 4.7989568e-03
8.1000000e+01 9.2947209e-01 4.8204567e-03
8.2000000e+01 9.2787834e-01 4.8163221e-03
8.3000000e+01 9.2329944e-01 4.8044236e-03
8.4000000e+01 9.2376274e-01 4.8056288e-03
8.5000000e+01 9.3096019e-01 4.8243139e-03
8.6000000e+01 9.3354846e-01 4.8310156e-03
8.7000000e+01 9.4903108e-01 4.8709113e-03
8.8000000e+01 9.4766330e-01 4.8674000e-03
8.9000000e+01 9.4813377e-01 4.8686081e-03
9.0000000e+01 9.4325045e-01 4.8560541e-03
9.1000000e+01 9.5547630e-01 4.8874234e-03
9.2000000e+01 9.5866628e-01 4.8955753e-03
9.3000000e+01 9.6826025e-01 4.9200108e-03
9.4000000e+01 9.6807191e-01 4.9195323e-03
9.5000000e+01 9.6102287e-01 4.9015887e-03
9.6000000e+01 9.6293570e-01 4.9064644e-03
9.7000000e+01 9.5685968e-01 4.8909603e-03
9.8000000e+01 9.4823923e-01 4.8688788e-03
9.9000000e+01 9.3373334e-01 4.8314940e-03
1.0000000e+02 9.2994222e-01 4.8216756e-03
1.0100000e+02 9.2307611e-01 4.8038425e-03
1.0200000e+02 9.2098030e-01 4.7983860e-03
1.0300000e+02 9.2148127e-01 4.7996908e-03
1.0400000e+02 9.2072839e-01 4.7977297e-03
1.0500000e+02 9.3298251e-01 4.8295510e-03
1.0600000e+02 9.2850111e-01 4.8179381e-03
1.0700000e+02 9.3208456e-01 4.8272264e-03
1.0800000e+02 9.2834819e-01 4.8175414e-03
1.0900000e+02 9.2474431e-01 4.8081814e-03
1.1000000e+02 9.2236271e-01 4.8019858e-03
1.1100000e+02 9.3131278e-01 4.8252274e-03
1.1200000e+02 9.2029088e-01 4.7965896e-03
1.1300000e+02 9.3254301e-01 4.8284134e-03
1.1400000e+02 9.2938536e-01 4.8202318e-03
1.1500000e+02 9.3312221e-01 4.8299126e-03
1.1600000e+02 9.4831461e-01 4.8690723e-03
1.1700000e+02 9.5765279e-01 4.8929868e-03
1.1800000e+02 9.5629537e-01 4.8895178e-03
1.1900000e+02 9.5993781e-01 4.8988208e-03
1.2000000e+02 9.6357157e-01 4.9080841e-03
1.2100000e+02 9.6176588e-01 4.9034832e-03
1.2200000e+02 9.6919225e-01 4.9223781e-03
1.2300000e+02 9.7398497e-01 4.9345339e-03
1.2400000e+02 9.7704939e-01 4.9422905e-03
1.2500000e+02 9.7120634e-01 4.9274901e-03
1.2600000e+02 9.9056581e-01 4.9763587e-03
1.2700000e+02 9.8808181e-01 4.9701153e-03
1.2800000e+02 9.7932901e-01 4.9480527e-03
1.2900000e+02 9.7573566e-01 4.9389667e-03
1.3000000e+02 9.7892218e-01 4.9470248e-03
1.3100000e+02 9.7251275e-01 4.9308031e-03
1.3200000e+02 9.7475552e-01 4.9364854e-03
1.3300000e+02 9.7157088e-01 4.9284148e-03
1.3400000e+02 9.6231745e-01 4.9048890e-03
1.3500000e+02 9.5805604e-01 4.8940169e-03
1.3600000e+02 9.6180761e-01 4.9035895e-03
1.3700000e+02 9.6498891e-01 4.9116925e-03
1.3800000e+02 9.6848441e-01 4.9205803e-03
1.3900000e+02 9.7137090e-01 4.9279075e-03
1.4000000e+02 9.8187144e-01 4.9544713e-03
1.4100000e+02 9.8003322e-01 4.9498314e-03
1.4200000e+02 9.7494716e-01 4.9369707e-03
1.4300000e+02 9.8237459e-01 4.9557406e-03
1.4400000e+02 9.7571559e-01 4.9389159e-03
1.4500000e+02 9.8845762e-01 4.9710603e-03
1.4600000e+02 9.8284097e-01 4.9569168e-03
1.4700000e+02 9.8162763e-01 4.9538562e-03
1.4800000e+02 9.7266317e-01 4.9311844e-03
1.4900000e+02 9.7412168e-01 4.9348802e-03
1.5000000e+02 9.6152018e-01 4.9028568e-03
1.5100000e+02 9.7424301e-01 4.9351875e-03
1.5200000e+02 9.7229245e-01 4.9302446e-03
1.5300000e+02 9.6893188e-01 4.9217169e-03
1.5400000e+02 9.6631495e-01 4.9150660e-03
1.5500000e+02 9.6911247e-01 4.9221755e-03
1.5600000e+02 9.7789183e-01 4.9444207e-03
1.5700000e+02 9.7638794e-01 4.9406172e-03
1.5800000e+02 9.7294630e-01 4.9319020e-03
1.5900000e+02 9.6900414e-01 4.9219004e-03
1.6000000e+02 9.7301405e-01 4.9320737e-03
1.6100000e+02 9.7904269e-01 4.9473293e-03
1.6200000e+02 9.8214008e-01 4.9551491e-03
1.6300000e+02 9.8865584e-01 4.9715587e-03
1.6400000e+02 9.8950553e-01 4.9736946e-03
1.6500000e+02 9.8742261e-01 4.9684571e-03
1.6600000e+02 9.8405866e-01 4.9599866e-03
1.6700000e+02 9.7613258e-01 4.9399711e-03
1.6800000e+02 9.7680055e-01 4.9416611e-03
1.6900000e+02 9.7181344e-01 4.9290299e-03
1.7000000e+02 9.7570775e-01 4.9388960e-03
1.7100000e+02 9.7230269e-01 4.9302705e-03
1.7200000e+02 9.7433777e-01 4.9354275e-03
1.7300000e+02 9.7170705e-01 4.9287601e-03
1.7400000e+02 9.7521593e-01 4.9376511e-03
1.7500000e+02 9.6861865e-01 4.9209213e-03
1.7600000e+02 9.6081151e-01 4.9010497e-03
1.7700000e+02 9.5721621e-01 4.8918714e-03
1.7800000e+02 9.5557623e-01 4.8876790e-03
1.7900000e+02 9.5178731e-01 4.8779794e-03
1.8000000e+02 9.5003260e-01 4.8734808e-03
1.8100000e+02 9.5248659e-01 4.8797710e-03
1.8200000e+02 9.5031077e-01 4.8741942e-03
1.8300000e+02 9.5928722e-01 4.8971605e-03
1.8400000e+02 9.6044179e-01 4.9001066e-03
1.8500000e+02 9.6636685e-01 4.9151980e-03
1.8600000e+02 9.6455000e-01 4.9105754e-03
1.8700000e+02 9.5083256e-01 4.8755322e-03
1.8800000e+02 9.3748087e-01 4.8411798e-03
1.8900000e+02 9.3138918e-01 4.8254253e-03
1.9000000e+02 9.2230297e-01 4.8018303e-03
1.9100000e+02 9.3519747e-01 4.8352804e-03
1.9200000e+02 9.2792930e-01 4.8164544e-03
1.9300000e+02 9.4232241e-01 4.8536646e-03
1.9400000e+02 9.2624966e-01 4.8120933e-03
1.9500000e+02 9.1540702e-01 4.7838453e-03
1.9600000e+02 9.1782126e-01 4.7901495e-03
1.9700000e+02 9.0608406e-01 4.7594224e-03
1.9800000e+02 9.0302160e-01 4.7513725e-03
1.9900000e+02 8.9805601e-01 4.7382909e-03
2.0000000e+02 8.8685088e-01 4.7086380e-03
2.0100000e+02 8.8508118e-01 4.7039377e-03
2.0200000e+02 8.9184259e-01 4.7218709e-03
2.0300000e+02 8.9475775e-01 4.7295818e-03
2.0400000e+02 8.9933900e-01 4.7416743e-03
2.0500000e+02 9.0123659e-01 4.7466741e-03
2.0600000e+02 8.9435770e-01 4.7285244e-03
2.0700000e+02 8.8770065e-01 4.7108934e-03
2.0800000e+02 8.9038705e-01 4.7180161e-03
2.0900000e+02 8.7749050e-01 4.6837232e-03
2.1000000e+02 8.8726363e-01 4.7097336e-03
2.1100000e+02 8.8909679e-01 4.7145965e-03
2.1200000e+02 8.9544655e-01 4.7314019e-03
2.1300000e+02 8.9027435e-01 4.7177176e-03
2.1400000e+02 8.9849677e-01 4.7394535e-03
2.1500000e+02 9.0261957e-01 4.7503147e-03
2.1600000e+02 9.1011685e-01 4.7700023e-03
2.1700000e+02 9.1193592e-01 4.7747668e-03
2.1800000e+02 9.0710781e-01 4.7621104e-03
2.1900000e+02 8.9466706e-01 4.7293421e-03
2.2000000e+02 8.8999948e-01 4.7169892e-03
2.2100000e+02 8.9512350e-01 4.7305484e-03
2.2200000e+02 9.0092966e-01 4.7458658e-03
2.2300000e+02 9.0944290e-01 4.7682358e-03
2.2400000e+02 9.0254356e-01 4.7501147e-03
2.2500000e+02 9.0262904e-01 4.7503396e-03
2.2600000e+02 9.0706181e-01 4.7619897e-03
2.2700000e+02 9.0440743e-01 4.7550169e-03
2.2800000e+02 8.9784706e-01 4.7377396e-03
2.2900000e+02 9.0347600e-01 4.7525678e-03
2.3000000e+02 8.9728358e-01 4.7362527e-03
2.3100000e+02 9.0273897e-01 4.7506289e-03
2.3200000e+02 8.9372962e-01 4.7268637e-03
2.3300000e+02 8.9971506e-01 4.7426656e-03
2.3400000e+02 8.9556939e-01 4.7317264e-03
2.3500000e+02 8.9489316e-01 4.7299397e-03
2.3600000e+02 9.1022539e-01 4.7702867e-03
2.3700000e+02 9.1557939e-01 4.7842957e-03
2.3800000e+02 9.1261179e-01 4.7765359e-03
2.3900000e+02 9.2146128e-01 4.7996387e-03
2.4000000e+02 9.2232375e-01 4.8018844e-03
2.4100000e+02 9.0818528e-01 4.7649378e-03
2.4200000e+02 9.0741728e-01 4.7629227e-03
2.4300000e+02 9.0796136e-01 4.7643503e-03
2.4400000e+02 9.2656302e-01 4.8129072e-03
2.4500000e+02 9.2902871e-01 4.8193068e-03
2.4600000e+02 9.3489189e-01 4.8344904e-03
2.4700000e+02 9.3516450e-01 4.8351952e-03
2.4800000e+02 9.4329430e-01 4.8561670e-03
2.4900000e+02 9.4209136e-01 4.8530696e-03
2.5000000e+02 9.4166317e-01 4.8519666e-03
2.5100000e+02 9.3823126e-01 4.8431169e-03
2.5200000e+02 9.4620629e-01 4.8636568e-03
2.5300000e+02 9.5320023e-01 4.8815987e-03
2.5400000e+02 9.5119559e-01 4.8764629e-03
2.5500000e+02 9.5106154e-01 4.8761192e-03
2.5600000e+02 9.5709558e-01 4.8915631e-03
2.5700000e+02 9.5586480e-01 4.8884169e-03
2.5800000e+02 9.5282950e-01 4.8806493e-03
2.5900000e+02 9.5849202e-01 4.8951303e-03
2.6000000e+02 9.5638223e-01 4.8897399e-03
2.6100000e+02 9.6332182e-01 4.9074480e-03
2.6200000e+02 9.6131800e-01 4.9023413e-03
2.6300000e+02 9.5774450e-01 4.8932211e-03
2.6400000e+02 9.5208623e-01 4.8787453e-03
2.6500000e+02 9.4890373e-01 4.8705845e-03
2.6600000e+02 9.5884020e-01 4.8960193e-03
2.6700000e+02 9.5087944e-01 4.8756524e-03
2.6800000e+02 9.5987203e-01 4.8986530e-03
2.6900000e+02 9.6083095e-01 4.9010993e-03
2.7000000e+02 9.6371532e-01 4.9084502e-03
2.7100000e+02 9.5422606e-01 4.8842248e-03
2.7200000e+02 9.4775972e-01 4.8676476e-03
2.7300000e+02 9.4939594e-01 4.8718476e-03
2.7400000e+02 9.6010783e-01 4.8992546e-03
2.7500000e+02 9.6785306e-01 4.9189762e-03
2.7600000e+02 9.6911005e-01 4.9221694e-03
2.7700000e+02 9.6867802e-01 4.9210721e-03
2.7800000e+02 9.6407618e-01 4.9093691e-03
2.7900000e+02 9.5820978e-01 4.8944095e-03
2.8000000e+02 9.5142652e-01 4.8770548e-03
2.8100000e+02 9.4107285e-01 4.8504455e-03
2.8200000e+02 9.5243446e-01 4.8796375e-03
2.8300000e+02 9.5172039e-01 4.8778079e-03
2.8400000e+02 9.5010570e-01 4.8736683e-03
2.8500000e+02 9.4324249e-01 4.8560336e-03
2.8600000e+02 9.4364264e-01 4.8570635e-03
2.8700000e+02 9.4156397e-01 4.8517110e-03
2.8800000e+02 9.3973273e-01 4.8469907e-03
2.8900000e+02 9.4409367e-01 4.8582242e-03
2.9000000e+02 9.5021441e-01 4.8739471e-03
2.9100000e+02 9.3436654e-01 4.8331319e-03
2.9200000e+02 9.4501741e-01 4.8606003e-03
2.9300000e+02 9.3987670e-01 4.8473619e-03
2.9400000e+02 9.3798749e-01 4.8424877e-03
2.9500000e+02 9.4074469e-01 4.8495997e-03
2.9600000e+02 9.5367691e-01 4.8828192e-03
2.9700000e+02 9.6074982e-01 4.9008923e-03
2.9800000e+02 9.7275024e-01 4.9314051e-03
2.9900000e+02 9.8222906e-01 4.9553735e-03
3.0000000e+02 9.7264269e-01 4.9311325e-03
3.0100000e+02 9.7700248e-01 4.9421718e-03
3.0200000e+02 9.7427954e-01 4.9352800e-03
3.0300000e+02 9.8411074e-01 4.9601178e-03
3.0400000e+02 9.8081195e-01 4.9517975e-03
3.0500000e+02 9.7412484e-01 4.9348882e-03
3.0600000e+02 9.7109937e-01 4.9272187e-03
3.0700000e+02 9.7617848e-01 4.9400873e-03
3.0800000e+02 9.6482082e-01 4.9112647e-03
3.0900000e+02 9.6158596e-01 4.9030245e-03
3.1000000e+02 9.6399402e-01 4.9091599e-03
3.1100000e+02 9.6184738e-01 4.9036909e-03
3.1200000e+02 9.5880937e-01 4.8959406e-03
3.1300000e+02 9.4514337e-01 4.8609242e-03
3.1400000e+02 9.4437189e-01 4.8589400e-03
3.1500000e+02 9.4495266e-01 4.8604338e-03
3.1600000e+02 9.4934422e-01 4.8717149e-03
3.1700000e+02 9.4923497e-01 4.8714345e-03
3.1800000e+02 9.5447198e-01 4.8848541e-03
3.1900000e+02 9.6397349e-01 4.9091076e-03
3.2000000e+02 9.6426155e-01 4.9098410e-03
3.2100000e+02 9.5499003e-01 4.8861796e-03
3.2200000e+02 9.5374948e-01 4.8830049e-03
3.2300000e+02 9.4369096e-01 4.8571879e-03
3.2400000e+02 9.4302933e-01 4.8554849e-03
3.2500000e+02 9.4719627e-01 4.8662005e-03
3.2600000e+02 9.4557292e-01 4.8620287e-03
3.2700000e+02 9.3532768e-01 4.8356171e-03
3.2800000e+02 9.4018557e-01 4.8481584e-03
3.2900000e+02 9.4051769e-01 4.8490146e-03
3.3000000e+02 9.3611088e-01 4.8376412e-03
3.3100000e+02 9.4340886e-01 4.8564618e-03
3.3200000e+02 9.4169295e-01 4.8520433e-03
3.3300000e+02 9.3487247e-01 4.8344402e-03
3.3400000e+02 9.4124302e-01 4.8508840e-03
3.3500000e+02 9.3418425e-01 4.8326604e-03
3.3600000e+02 9.3345238e-01 4.8307670e-03
3.3700000e+02 9.4246880e-01 4.8540417e-03
3.3800000e+02 9.4644318e-01 4.8642656e-03
3.3900000e+02 9.4759575e-01 4.8672265e-03
3.4000000e+02 9.4197889e-01 4.8527799e-03
3.4100000e+02 9.3976130e-01 4.8470643e-03
3.4200000e+02 9.3919024e-01 4.8455914e-03
3.4300000e+02 9.3333832e-01 4.8304718e-03
3.4400000e+02 9.3032028e-01 4.8226556e-03
3.4500000e+02 9.2615022e-01 4.8118350e-03
3.4600000e+02 9.1489435e-01 4.7825055e-03
3.4700000e+02 9.1880283e-01 4.7927102e-03
3.4800000e+02 9.1483402e-01 4.7823478e-03
3.4900000e+02 9.3163218e-01 4.8260548e-03
3.5000000e+02 9.3087570e-01 4.8240950e-03
3.5100000e+02 9.2609016e-01 4.8116789e-03
3.5200000e+02 9.2270137e-01 4.8028673e-03
3.5300000e+02 9.2622188e-01 4.8120211e-03
3.5400000e+02 9.2813944e-01 4.8169997e-03
3.5500000e+02 9.1801558e-01 4.7906565e-03
3.5600000e+02 9.1289535e-01 4.7772779e-03
3.5700000e+02 9.2319173e-01 4.8041434e-03
3.5800000e+02 9.1676250e-01 4.7873858e-03
3.5900000e+02 9.2311825e-01 4.8039522e-03
3.6000000e+02 9.2911574e-01 4.8195325e-03
3.6100000e+02 9.3617452e-01 4.8378056e-03
3.6200000e+02 9.4316263e-01 4.8558280e-03
3.6300000e+02 9.4571646e-01 4.8623977e-03
3.6400000e+02 9.5111198e-01 4.8762485e-03
3.6500000e+02 9.4973060e-01 4.8727061e-03
3.6600000e+02 9.5940612e-01 4.8974640e-03
3.6700000e+02 9.5356595e-01 4.8825351e-03
3.6800000e+02 9.6134287e-01 4.9024047e-03
3.6900000e+02 9.7102291e-01 4.9270248e-03
3.7000000e+02 9.5843740e-01 4.8949908e-03
3.7100000e+02 9.6204329e-01 4.9041903e-03
3.7200000e+02 9.6774994e-01 4.9187141e-03
3.7300000e+02 9.7241219e-01 4.9305482e-03
3.7400000e+02 9.6465100e-01 4.9108325e-03
3.7500000e+02 9.7013261e-01 4.9247655e-03
3.7600000e+02 9.6191248e-01 4.9038569e-03
3.7700000e+02 9.6516650e-01 4.9121444e-03
3.7800000e+02 9.7047633e-01 4.9256379e-03
3.7900000e+02 9.6588248e-01 4.9139660e-03
3.8000000e+02 9.6276718e-01 4.9060350e-03
3.8100000e+02 9.6235046e-01 4.9049732e-03
3.8200000e+02 9.5501518e-01 4.8862439e-03
3.8300000e+02 9.5542864e-01 4.8873015e-03
3.8400000e+02 9.6170105e-01 4.9033179e-03
3.8500000e+02 9.5839180e-01 4.8948744e-03
3.8600000e+02 9.4951837e-01 4.8721617e-03
3.8700000e+02 9.5410301e-01 4.8839098e-03
3.8800000e+02 9.4476263e-01 4.8599451e-03
3.8900000e+02 9.4004158e-01 4.8477871e-03
3.9000000e+02 9.4229084e-01 4.8535833e-03
3.9100000e+02 9.4466488e-01 4.8596936e-03
3.9200000e+02 9.5353660e-01 4.8824600e-03
3.9300000e+02 9.5666671e-01 4.8904671e-03
3.9400000e+02 9.4868291e-01 4.8700178e-03
3.9500000e+02 9.5488377e-01 4.8859077e-03
3.9600000e+02 9.5787658e-01 4.8935585e-03
3.9700000e+02 9.5428766e-01 4.8843824e-03
3.9800000e+02 9.5710855e-01 4.8915963e-03
3.9900000e+02 9.5203518e-01 4.8786145e-03
4.0000000e+02 9.4217557e-01 4.8532865e-03
4.0100000e+02 9.4230412e-01 4.8536175e-03
4.0200000e+02 9.4777643e-01 4.8676905e-03
4.0300000e+02 9.5189798e-01 4.8782630e-03
4.0400000e+02 9.5240127e-01 4.8795524e-03
4.0500000e+02 9.5598849e-01 4.8887332e-03
4.0600000e+02 9.4840480e-01 4.8693039e-03
4.0700000e+02 9.6100698e-01 4.9015482e-03
4.0800000e+02 9.5240335e-01 4.8795578e-03
4.0900000e+02 9.4998706e-01 4.8733640e-03
4.1000000e+02 9.5159482e-01 4.8774861e-03
4.1100000e+02 9.4801423e-01 4.8683011e-03
4.1200000e+02 9.4045136e-01 4.8488436e-03
4.1300000e+02 9.4331341e-01 4.8562162e-03
4.1400000e+02 9.5177680e-01 4.8779525e-03
4.1500000e+02 9.6762534e-01 4.9183975e-03
4.1600000e+02 9.6712972e-01 4.9171377e-03
4.1700000e+02 9.6564102e-01 4.9133518e-03
4.1800000e+02 9.6226660e-01 4.9047594e-03
4.1900000e+02 9.5537331e-01 4.8871600e-03
4.2000000e+02 9.5098906e-01 4.8759334e-03
4.2100000e+02 9.5614971e-01 4.8891454e-03
4.2200000e+02 9.7112389e-01 4.9272810e-03
4.2300000e+02 9.5658422e-01 4.8902562e-03
4.2400000e+02 9.5796642e-01 4.8937880e-03
4.2500000e+02 9.4876443e-01 4.8702270e-03
4.2600000e+02 9.4937960e-01 4.8718057e-03
4.2700000e+02 9.4371474e-01 4.8572491e-03
4.2800000e+02 9.4494388e-01 4.8604112e-03
4.2900000e+02 9.5019812e-01 4.8739053e-03
4.3000000e+02 9.5424641e-01 4.8842769e-03
4.3100000e+02 9.6232757e-01 4.9049148e-03
4.3200000e+02 9.6702764e-01 4.9168782e-03
4.3300000e+02 9.6516581e-01 4.9121427e-03
4.3400000e+02 9.7396443e-01 4.9344818e-03
4.3500000e+02 9.6689246e-01 4.9165345e-03
4.3600000e+02 9.6820529e-01 4.9198712e-03
4.3700000e+02 9.8225636e-01 4.9554424e-03
4.3800000e+02 9.8051911e-01 4.9510583e-03
4.3900000e+02 9.7367970e-01 4.9337605e-03
4.4000000e+02 9.8269227e-01 4.9565418e-03
4.4100000e+02 9.6964339e-01 4.9235236e-03
4.4200000e+02 9.6596496e-01 4.9141759e-03
4.4300000e+02 9.7453328e-01 4.9359226e-03
4.4400000e+02 9.7808255e-01 4.9449028e-03
4.4500000e+02 9.7251751e-01 4.9308151e-03
4.4600000e+02 9.7046270e-01 4.9256033e-03
4.4700000e+02 9.6428746e-01 4.9099070e-03
4.4800000e+02 9.6628916e-01 4.9150004e-03
4.4900000e+02 9.6645194e-01 4.9154144e-03
4.5000000e+02 9.6941904e-01 4.9229540e-03
4.5100000e+02 9.5830397e-01 4.8946501e-03
4.5200000e+02 9.5452956e-01 4.8850015e-03
4.5300000e+02 9.5041918e-01 4.8744723e-03
4.5400000e+02 9.4101835e-01 4.8503050e-03
4.5500000e+02 9.4141610e-01 4.8513300e-03
4.5600000e+02 9.3416693e-01 4.8326156e-03
4.5700000e+02 9.3644373e-01 4.8385012e-03
4.5800000e+02 9.3936175e-01 4.8460338e-03
4.5900000e+02 9.3922650e-01 4.8456850e-03
4.6000000e+02 9.4097290e-01 4.8501879e-03
4.6100000e+02 9.3418553e-01 4.8326637e-03
4.6200000e+02 9.3247067e-01 4.8282261e-03
4.6300000e+02 9.2565242e-01 4.8105416e-03
4.6400000e+02 9.2707830e-01 4.8142453e-03
4.6500000e+02 9.3302854e-01 4.8296702e-03
4.6600000e+02 9.2453479e-01 4.8076366e-03
4.6700000e+02 9.2215692e-01 4.8014501e-03
4.6800000e+02 9.2229277e-01 4.8018038e-03
4.6900000e+02 9.1940114e-01 4.7942704e-03
4.7000000e+02 9.1228393e-01 4.7756778e-03
4.7100000e+02 9.0762612e-01 4.7634707e-03
4.7200000e+02 9.0899203e-01 4.7670537e-03
4.7300000e+02 9.1457355e-01 4.7816670e-03
4.7400000e+02 9.1531797e-01 4.7836126e-03
4.7500000e+02 9.2194515e-01 4.8008988e-03
4.7600000e+02 9.2364693e-01 4.8053276e-03
4.7700000e+02 9.2757765e-01 4.8155417e-03
4.7800000e+02 9.2062609e-01 4.7974631e-03
4.7900000e+02 9.1973655e-01 4.7951448e-03
4.8000000e+02 9.2093526e-01 4.7982686e-03
4.8100000e+02 9.2425965e-01 4.8069212e-03
4.8200000e+02 9.2698494e-01 4.8140029e-03
4.8300000e+02 9.4023439e-01 4.8482842e-03
4.8400000e+02 9.4085683e-01 4.8498888e-03
4.8500000e+02 9.3941920e-01 4.8461820e-03
4.8600000e+02 9.4396093e-01 4.8578826e-03
4.8700000e+02 9.4615208e-01 4.8635175e-03
4.8800000e+02 9.4787560e-01 4.8679452e-03
4.8900000e+02 9.4711068e-01 4.8659806e-03
4.9000000e+02 9.4365600e-01 4.8570979e-03
4.9100000e+02 9.3974785e-01 4.8470296e-03
4.9200000e+02 9.4639658e-01 4.8641458e-03
4.9300000e+02 9.4009210e-01 4.8479174e-03
4.9400000e+02 9.4458474e-01 4.8594875e-03
4.9500000e+02 9.3790572e-01 4.8422767e-03
4.9600000e+02 9.3869777e-01 4.8443208e-03
4.9700000e+02 9.5310310e-01 4.8813500e-03
4.9800000e+02 9.5558777e-01 4.8877085e-03
4.9900000e+02 9.5551432e-01 4.8875207e-03
5.0000000e+02 9.5619522e-01 4.8892618e-03
5.0100000e+02 9.5359687e-01 4.8826143e-03
5.0200000e+02 9.6153716e-01 4.9029001e-03
5.0300000e+02 9.7018869e-01 4.9249079e-03
5.0400000e+02 9.6714899e-01 4.9171867e-03
5.0500000e+02 9.5473759e-01 4.8855337e-03
5.0600000e+02 9.4684527e-01 4.8652988e-03
5.0700000e+02 9.4507676e-01 4.8607530e-03
5.0800000e+02 9.3921031e-01 4.8456432e-03
5.0900000e+02 9.3855387e-01 4.8439495e-03
5.1000000e+02 9.3873391e-01 4.8444141e-03
5.1100000e+02 9.2800114e-01 4.8166408e-03
5.1200000e+02 9.2626173e-01 4.8121246e-03
5.1300000e+02 9.2123959e-01 4.7990614e-03
5.1400000e+02 9.1470760e-01 4.7820174e-03
5.1500000e+02 9.1446143e-01 4.7813739e-03
5.1600000e+02 9.2298459e-01 4.8036044e-03
5.1700000e+02 9.1710099e-01 4.7882695e-03
5.1800000e+02 9.1422471e-01 4.7807550e-03
5.1900000e+02 9.1882447e-01 4.7927666e-03
5.2000000e+02 9.2598730e-01 4.8114117e-03
5.2100000e+02 9.2764424e-01 4.8157145e-03
5.2200000e+02 9.3564354e-01 4.8364335e-03
5.2300000e+02 9.3345812e-01 4.8307818e-03
5.2400000e+02 9.2699849e-01 4.8140381e-03
5.2500000e+02 9.2890734e-01 4.8189920e-03
5.2600000e+02 9.3047335e-01 4.8230524e-03
5.2700000e+02 9.3626944e-01 4.8380509e-03
5.2800000e+02 9.2507646e-01 4.8090448e-03
5.2900000e+02 9.2416078e-01 4.8066641e-03
5.3000000e+02 9.2427131e-01 4.8069515e-03
5.3100000e+02 9.2332153e-01 4.8044811e-03
5.3200000e+02 9.2475205e-01 4.8082015e-03
5.3300000e+02 9.3071566e-01 4.8236803e-03
5.3400000e+02 9.3159555e-01 4.8259599e-03
5.3500000e+02 9.2703312e-01 4.8141280e-03
5.3600000e+02 9.2395829e-01 4.8061375e-03
5.3700000e+02 9.1626476e-01 4.7860860e-03
5.3800000e+02 9.0844804e-01 4.7656271e-03
5.3900000e+02 9.0830478e-01 4.7652513e-03
5.4000000e+02 9.0745868e-01 4.7630313e-03
5.4100000e+02 9.0202268e-01 4.7487438e-03
5.4200000e+02 9.0023258e-01 4.7440294e-03
5.4300000e+02 9.0746715e-01 4.7630535e-03
5.4400000e+02 8.9777196e-01 4.7375415e-03
5.4500000e+02 9.0201436e-01 4.7487219e-03
5.4600000e+02 8.9457236e-01 4.7290918e-03
5.4700000e+02 8.9539175e-01 4.7312571e-03
5.4800000e+02 8.9177545e-01 4.7216932e-03
5.4900000e+02 8.9050087e-01 4.7183177e-03
5.5000000e+02 8.8781283e-01 4.7111910e-03
5.5100000e+02 8.8828929e-01 4.7124550e-03
5.5200000e+02 8.9906826e-01 4.7409605e-03
5.5300000e+02 8.9955513e-01 4.7422440e-03
5.5400000e+02 8.9959053e-01 4.7423373e-03
5.5500000e+02 8.9888622e-01 4.7404805e-03
5.5600000e+02 8.9201608e-01 4.7223302e-03
5.5700000e+02 8.9511864e-01 4.7305355e-03
5.5800000e+02 8.8857326e-01 4.7132082e-03
5.5900000e+02 8.7813689e-01 4.6854480e-03
5.6000000e+02 8.7500918e-01 4.6770963e-03
5.6100000e+02 8.8663159e-01 4.7080559e-03
5.6200000e+02 8.8816707e-01 4.7121308e-03
5.6300000e+02 8.8886732e-01 4.7139880e-03
5.6400000e+02 8.8869278e-01 4.7135252e-03
5.6500000e+02 8.9734961e-01 4.7364270e-03
5.6600000e+02 8.8350175e-01 4.6997387e-03
5.6700000e+02 8.8721518e-01 4.7096050e-03
5.6800000e+02 8.9079054e-01 4.7190851e-03
5.6900000e+02 8.8778646e-01 4.7111211e-03
5.7000000e+02 8.8875787e-01 4.7136978e-03
5.7100000e+02 8.9491674e-01 4.7300020e-03
5.7200000e+02 9.0312827e-01 4.7516531e-03
5.7300000e+02 8.9987851e-01 4.7430963e-03
5.7400000e+02 9.1016981e-01 4.7701410e-03
5.7500000e+02 9.1084094e-01 4.7718994e-03
5.7600000e+02 9.1918917e-01 4.7937177e-03
5.7700000e+02 9.1690197e-01 4.7877499e-03
5.7800000e+02 9.2361325e-01 4.8052400e-03
5.7900000e+02 9.2922662e-01 4.8198201e-03
5.8000000e+02 9.3268208e-01 4.8287734e-03
5.8100000e+02 9.2946265e-01 4.8204322e-03
5.8200000e+02 9.2821493e-01 4.8171956e-03
5.8300000e+02 9.3215760e-01 4.8274155e-03
5.8400000e+02 9.4665693e-01 4.8648149e-03
5.8500000e+02 9.4789054e-01 4.8679835e-03
5.8600000e+02 9.5536647e-01 4.8871425e-03
5.8700000e+02 9.5782711e-01 4.8934321e-03
5.8800000e+02 9.5763881e-01 4.8929511e-03
5.8900000e+02 9.5686236e-01 4.8909671e-03
5.9000000e+02 9.4938927e-01 4.8718305e-03
5.9100000e+02 9.5212298e-01 4.8788395e-03
5.9200000e+02 9.5514300e-01 4.8865709e-03
5.9300000e+02 9.4998812e-01 4.8733667e-03
5.9400000e+02 9.5972282e-01 4.8982722e-03
5.9500000e+02 9.5584216e-01 4.8883591e-03
5.9600000e+02 9.6018319e-01 4.8994469e-03
5.9700000e+02 9.5087264e-01 4.8756350e-03
5.9800000e+02 9.5620819e-01 4.8892949e-03
5.9900000e+02 9.5916604e-01 4.8968511e-03
6.0000000e+02 9.5137421e-01 4.8769207e-03
6.0100000e+02 9.5447561e-01 4.8848634e-03
6.0200000e+02 9.5955076e-01 4.8978331e-03
6.0300000e+02 9.5628119e-01 4.8894816e-03
6.0400000e+02 9.5336559e-01 4.8820221e-03
6.0500000e+02 9.4620010e-01 4.8636409e-03
6.0600000e+02 9.4327497e-01 4.8561172e-03
6.0700000e+02 9.2604279e-01 4.8115559e-03
6.0800000e+02 9.2414119e-01 4.8066131e-03
6.0900000e+02 9.2170511e-01 4.8002737e-03
6.1000000e+02 9.3617461e-01 4.8378059e-03
6.1100000e+02 9.3230656e-01 4.8278012e-03
6.1200000e+02 9.3189528e-01 4.8267362e-03
6.1300000e+02 9.3929516e-01 4.8458621e-03
6.1400000e+02 9.3293650e-01 4.8294319e-03
6.1500000e+02 9.3204921e-01 4.8271348e-03
6.1600000e+02 9.2385732e-01 4.8058749e-03
6.1700000e+02 9.2085983e-01 4.7980721e-03
6.1800000e+02 9.1677138e-01 4.7874090e-03
6.1900000e+02 9.2291134e-01 4.8034138e-03
6.2000000e+02 9.2846386e-01 4.8178415e-03
6.2100000e+02 9.2275076e-01 4.8029959e-03
6.2200000e+02 9.2696748e-01 4.8139575e-03
6.2300000e+02 9.3139939e-01 4.8254518e-03
6.2400000e+02 9.3203811e-01 4.8271061e-03
6.2500000e+02 9.3469589e-01 4.8339836e-03
6.2600000e+02 9.3340026e-01 4.8306321e-03
6.2700000e+02 9.4544682e-01 4.8617045e-03
6.2800000e+02 9.5236506e-01 4.8794597e-03
6.2900000e+02 9.5074754e-01 4.8753142e-03
6.3000000e+02 9.5427169e-01 4.8843416e-03
6.3100000e+02 9.5397853e-01 4.8835912e-03
6.3200000e+02 9.4980048e-01 4.8728854e-03
6.3300000e+02 9.5160914e-01 4.8775228e-03
6.3400000e+02 9.6292779e-01 4.9064442e-03
6.3500000e+02 9.7260470e-01 4.9310362e-03
6.3600000e+02 9.6624945e-01 4.9148995e-03
6.3700000e+02 9.5668788e-01 4.8905212e-03
6.3800000e+02 9.5189983e-01 4.8782677e-03
6.3900000e+02 9.5339910e-01 4.8821079e-03
6.4000000e+02 9.5010823e-01 4.8736748e-03
6.4100000e+02 9.4599035e-01 4.8631018e-03
6.4200000e+02 9.4514469e-01 4.8609276e-03
6.4300000e+02 9.3863521e-01 4.8441594e-03
6.4400000e+02 9.4046901e-01 4.8488891e-03
6.4500000e+02 9.4065730e-01 4.8493745e-03
6.4600000e+02 9.2956232e-01 4.8206906e-03
6.4700000e+02 9.3131062e-01 4.8252218e-03
6.4800000e+02 9.3506006e-01 4.8349252e-03
6.4900000e+02 9.2857707e-01 4.8181352e-03
6.5000000e+02 9.2895721e-01 4.8191214e-03
6.5100000e+02 9.2876899e-01 4.8186331e-03
6.5200000e+02 9.3060882e-01 4.8234034e-03
6.5300000e+02 9.3418950e-01 4.8326740e-03
6.5400000e+02 9.2999524e-01 4.8218131e-03
6.5500000e+02 9.2835430e-01 4.8175572e-03
6.5600000e+02 9.2466524e-01 4.8079758e-03
6.5700000e+02 9.3500143e-01 4.8347736e-03
6.5800000e+02 9.4498464e-01 4.8605161e-03
6.5900000e+02 9.4094842e-01 4.8501248e-03
6.6000000e+02 9.3321808e-01 4.8301607e-03
6.6100000e+02 9.3560325e-01 4.8363293e-03
6.6200000e+02 9.4588378e-01 4.8628279e-03
6.6300000e+02 9.4650239e-01 4.8644177e-03
6.6400000e+02 9.4787067e-01 4.8679325e-03
6.6500000e+02 9.4252884e-01 4.8541963e-03
6.6600000e+02 9.4292022e-01 4.8552040e-03
6.6700000e+02 9.4145418e-01 4.8514281e-03
6.6800000e+02 9.4243666e-01 4.8539589e-03
6.6900000e+02 9.3256895e-01 4.8284805e-03
6.7000000e+02 9.3698116e-01 4.8398894e-03
6.7100000e+02 9.2681307e-01 4.8135566e-03
6.7200000e+02 9.2951954e-01 4.8205797e-03
6.7300000e+02 9.4046017e-01 4.8488663e-03
6.7400000e+02 9.5364845e-01 4.8827463e-03
6.7500000e+02 9.4744490e-01 4.8668391e-03
6.7600000e+02 9.3910568e-01 4.8453733e-03
6.7700000e+02 9.3848757e-01 4.8437784e-03
6.7800000e+02 9.3804378e-01 4.8426330e-03
6.7900000e+02 9.4985641e-01 4.8730289e-03
6.8000000e+02 9.5198196e-01 4.8784782e-03
6.8100000e+02 9.5291663e-01 4.8808725e-03
6.8200000e+02 9.6316343e-01 4.9070445e-03
6.8300000e+02 9.6653834e-01 4.9156341e-03
6.8400000e+02 9.5902788e-01 4.8964985e-03
6.8500000e+02 9.5817633e-01 4.8943241e-03
6.8600000e+02 9.4815152e-01 4.8686536e-03
6.8700000e+02 9.4461806e-01 4.8595732e-03
6.8800000e+02 9.3662607e-01 4.8389722e-03
6.8900000e+02 9.2779075e-01 4.8160948e-03
6.9000000e+02 9.3605989e-01 4.8375094e-03
6.9100000e+02 9.2974572e-01 4.8211662e-03
6.9200000e+02 9.3545373e-01 4.8359429e-03
6.9300000e+02 9.3645698e-01 4.8385354e-03
6.9400000e+02 9.5236004e-01 4.8794468e-03
6.9500000e+02 9.4780869e-01 4.8677734e-03
6.9600000e+02 9.4226727e-01 4.8535226e-03
6.9700000e+02 9.3725133e-01 4.8405871e-03
6.9800000e+02 9.2847889e-01 4.8178805e-03
6.9900000e+02 9.2838959e-01 4.8176488e-03
7.0000000e+02 9.3318730e-01 4.8300810e-03
7.0100000e+02 9.3096698e-01 4.8243315e-03
7.0200000e+02 9.2531462e-01 4.8096638e-03
7.0300000e+02 9.1755087e-01 4.7894438e-03
7.0400000e+02 9.0769127e-01 4.7636417e-03
7.0500000e+02 9.1285257e-01 4.7771659e-03
7.0600000e+02 9.0698456e-01 4.7617869e-03
7.0700000e+02 9.0707859e-01 4.7620337e-03
7.0800000e+02 9.1500978e-01 4.7828072e-03
7.0900000e+02 9.2095782e-01 4.7983274e-03
7.1000000e+02 9.2882280e-01 4.8187727e-03
7.1100000e+02 9.3034755e-01 4.8227263e-03
7.1200000e+02 9.2850276e-01 4.8179424e-03
7.1300000e+02 9.2575725e-01 4.8108140e-03
7.1400000e+02 9.2778412e-01 4.8160776e-03
7.1500000e+02 9.2413073e-01 4.8065860e-03
7.1600000e+02 9.1704005e-01 4.7881104e-03
7.1700000e+02 9.1560998e-01 4.7843756e-03
7.1800000e+02 9.1582831e-01 4.7849460e-03
7.1900000e+02 9.1241212e-01 4.7760133e-03
7.2000000e+02 9.1694423e-01 4.7878603e-03
7.2100000e+02 9.2862955e-01 4.8182714e-03
7.2200000e+02 9.3771513e-01 4.8417846e-03
7.2300000e+02 9.3078074e-01 4.8238490e-03
7.2400000e+02 9.4080023e-01 4.8497429e-03
7.2500000e+02 9.3761291e-01 4.8415207e-03
7.2600000e+02 9.4489872e-01 4.8602951e-03
7.2700000e+02 9.4757942e-01 4.8671846e-03
7.2800000e+02 9.4687023e-01 4.8653629e-03
7.2900000e+02 9.4521312e-01 4.8611036e-03
7.3000000e+02 9.3922166e-01 4.8456725e-03
7.3100000e+02 9.3829265e-01 4.8432754e-03
7.3200000e+02 9.3464813e-01 4.8338601e-03
7.3300000e+02 9.3548986e-01 4.8360363e-03
7.3400000e+02 9.3474155e-01 4.8341017e-03
7.3500000e+02 9.3873876e-01 4.8444266e-03
7.3600000e+02 9.3498279e-01 4.8347254e-03
7.3700000e+02 9.3518258e-01 4.8352420e-03
7.3800000e+02 9.3071163e-01 4.8236699e-03
7.3900000e+02 9.3253878e-01 4.8284024e-03
7.4000000e+02 9.3759748e-01 4.8414809e-03
7.4100000e+02 9.3622672e-01 4.8379405e-03
7.4200000e+02 9.3285357e-01 4.8292173e-03
7.4300000e+02 9.3366953e-01 4.8313289e-03
7.4400000e+02 9.2209096e-01 4.8012784e-03
7.4500000e+02 9.1882506e-01 4.7927682e-03
7.4600000e+02 9.2288557e-01 4.8033467e-03
7.4700000e+02 9.2831112e-01 4.8174452e-03
7.4800000e+02 9.3269178e-01 4.8287985e-03
7.4900000e+02 9.3204075e-01 4.8271129e-03
7.5000000e+02 9.3592795e-01 4.8371685e-03
7.5100000e+02 9.4623655e-01 4.8637346e-03
7.5200000e+02 9.3790403e-01 4.8422723e-03
7.5300000e+02 9.4293907e-01 4.8552525e-03
7.5400000e+02 9.3314722e-01 4.8299773e-03
7.5500000e+02 9.2850645e-01 4.8179520e-03
7.5600000e+02 9.1889188e-01 4.7929424e-03
7.5700000e+02 9.1897194e-01 4.7931512e-03
7.5800000e+02 9.2969613e-01 4.8210376e-03
7.5900000e+02 9.2643199e-01 4.8125669e-03
7.6000000e+02 9.1915482e-01 4.7936282e-03
7.6100000e+02 9.2235113e-01 4.8019557e-03
7.6200000e+02 9.3495336e-01 4.8346493e-03
7.6300000e+02 9.2498843e-01 4.8088160e-03
7.6400000e+02 9.2968293e-01 4.8210034e-03
7.6500000e+02 9.2582591e-01 4.8109924e-03
7.6600000e+02 9.2223494e-01 4.8016532e-03
7.6700000e+02 9.2272354e-01 4.8029250e-03
7.6800000e+02 9.2278883e-01 4.8030949e-03
7.6900000e+02 9.1880559e-01 4.7927174e-03
7.7000000e+02 9.2451426e-01 4.8075832e-03
7.7100000e+02 9.2786000e-01 4.8162745e-03
7.7200000e+02 9.1960784e-01 4.7948093e-03
7.7300000e+02 9.2231741e-01 4.8018679e-03
7.7400000e+02 9.2611940e-01 4.8117549e-03
7.7500000e+02 9.2750014e-01 4.8153405e-03
7.7600000e+02 9.2033523e-01 4.7967052e-03
7.7700000e+02 9.0408182e-01 4.7541609e-03
7.7800000e+02 8.9748105e-01 4.7367738e-03
7.7900000e+02 9.0646247e-01 4.7604162e-03
7.8000000e+02 9.0532887e-01 4.7574386e-03
7.8100000e+02 8.9730556e-01 4.7363107e-03
7.8200000e+02 9.0273212e-01 4.7506108e-03
7.8300000e+02 9.1232033e-01 4.7757731e-03
7.8400000e+02 9.1201144e-01 4.7749645e-03
7.8500000e+02 9.0502622e-01 4.7566433e-03
7.8600000e+02 9.0201253e-01 4.7487170e-03
7.8700000e+02 9.1361111e-01 4.7791503e-03
7.8800000e+02 9.1294548e-01 4.7774091e-03
7.8900000e+02 9.1748094e-01 4.7892613e-03
7.9000000e+02 9.1839809e-01 4.7916545e-03
7.9100000e+02 9.0903900e-01 4.7671769e-03
7.9200000e+02 9.1156754e-01 4.7738023e-03
7.9300000e+02 9.2043015e-01 4.7969526e-03
7.9400000e+02 9.2136708e-01 4.7993934e-03
7.9500000e+02 9.2632148e-01 4.8122798e-03
7.9600000e+02 9.1864523e-01 4.7922991e-03
7.9700000e+02 9.2619416e-01 4.8119491e-03
7.9800000e+02 9.2486822e-01 4.8085035e-03
7.9900000e+02 9.2325199e-01 4.8043002e-03
8.0000000e+02 9.2518020e-01 4.8093144e-03
8.0100000e+02 9.2812820e-01 4.8169705e-03
8.0200000e+02 9.2330689e-01 4.8044430e-03
8.0300000e+02 9.2333905e-01 4.8045267e-03
8.0400000e+02 9.3047226e-01 4.8230495e-03
8.0500000e+02 9.2683619e-01 4.8136166e-03
8.0600000e+02 9.2216345e-01 4.8014671e-03
8.0700000e+02 9.3248822e-01 4.8282715e-03
8.0800000e+02 9.2865941e-01 4.8183488e-03
8.0900000e+02 9.2673832e-01 4.8133625e-03
8.1000000e+02 9.2833043e-01 4.8174953e-03
8.1100000e+02 9.3371742e-01 4.8314528e-03
8.1200000e+02 9.2331149e-01 4.8044550e-03
8.1300000e+02 9.3027116e-01 4.8225283e-03
8.1400000e+02 9.1586003e-01 4.7850288e-03
8.1500000e+02 9.1459588e-01 4.7817253e-03
8.1600000e+02 9.0828335e-01 4.7651951e-03
8.1700000e+02 9.1250586e-01 4.7762587e-03
8.1800000e+02 9.1588628e-01 4.7850974e-03
8.1900000e+02 9.2452547e-01 4.8076124e-03
8.2000000e+02 9.1041942e-01 4.7707951e-03
8.2100000e+02 9.0253788e-01 4.7500997e-03
8.2200000e+02 8.9847149e-01 4.7393868e-03
8.2300000e+02 9.0532871e-01 4.7574382e-03
8.2400000e+02 9.0986884e-01 4.7693523e-03
8.2500000e+02 9.1678151e-01 4.7874354e-03
8.2600000e+02 9.2727380e-01 4.8147529e-03
8.2700000e+02 9.1966986e-01 4.7949710e-03
8.2800000e+02 9.2641824e-01 4.8125312e-03
8.2900000e+02 9.3084916e-01 4.8240262e-03
8.3000000e+02 9.2319669e-01 4.8041563e-03
8.3100000e+02 9.0985448e-01 4.7693147e-03
8.3200000e+02 9.1919652e-01 4.7937369e-03
8.3300000e+02 9.2778786e-01 4.8160873e-03
8.3400000e+02 9.2704619e-01 4.8141619e-03
8.3500000e+02 9.2171856e-01 4.8003088e-03
8.3600000e+02 9.1920996e-01 4.7937719e-03
8.3700000e+02 9.2595445e-01 4.8113264e-03
8.3800000e+02 9.3065051e-01 4.8235115e-03
8.3900000e+02 9.2677834e-01 4.8134664e-03
8.4000000e+02 9.2336583e-01 4.8045963e-03
8.4100000e+02 9.2055423e-01 4.7972759e-03
8.4200000e+02 9.1644293e-01 4.7865513e-03
8.4300000e+02 9.0275670e-01 4.7506755e-03
8.4400000e+02 8.9923495e-01 4.7414000e-03
8.4500000e+02 8.9983468e-01 4.7429808e-03
8.4600000e+02 9.0780395e-01 4.7639373e-03
8.4700000e+02 9.0078954e-01 4.7454967e-03
8.4800000e+02 8.9786130e-01 4.7377772e-03
8.4900000e+02 8.9178768e-01 4.7217255e-03
8.5000000e+02 9.0707621e-01 4.7620274e-03
8.5100000e+02 9.1298348e-01 4.7775085e-03
8.5200000e+02 9.1312990e-01 4.7778916e-03
8.5300000e+02 9.1204012e-01 4.7750396e-03
8.5400000e+02 9.0837464e-01 4.7654345e-03
8.5500000e+02 9.1796165e-01 4.7905158e-03
8.5600000e+02 9.1841132e-01 4.7916890e-03
8.5700000e+02 9.2194362e-01 4.8008948e-03
8.5800000e+02 9.2350559e-01 4.8049599e-03
8.5900000e+02 9.1874196e-01 4.7925514e-03
8.6000000e+02 9.2668477e-01 4.8132234e-03
8.6100000e+02 9.3911104e-01 4.8453871e-03
8.6200000e+02 9.3890160e-01 4.8448468e-03
8.6300000e+02 9.4138668e-01 4.8512542e-03
8.6400000e+02 9.4121127e-01 4.8508022e-03
8.6500000e+02 9.4918706e-01 4.8713116e-03
8.6600000e+02 9.5480681e-01 4.8857109e-03
8.6700000e+02 9.6007993e-01 4.8991834e-03
8.6800000e+02 9.5205145e-01 4.8786562e-03
8.6900000e+02 9.4411120e-01 4.8582693e-03
8.7000000e+02 9.3861109e-01 4.8440972e-03
8.7100000e+02 9.4396444e-01 4.8578916e-03
8.7200000e+02 9.3353145e-01 4.8309716e-03
8.7300000e+02 9.3283937e-01 4.8291805e-03
8.7400000e+02 9.2329540e-01 4.8044131e-03
8.7500000e+02 9.2656029e-01 4.8129001e-03
8.7600000e+02 9.2699543e-01 4.8140301e-03
8.7700000e+02 9.2974191e-01 4.8211563e-03
8.7800000e+02 9.2460165e-01 4.8078105e-03
8.7900000e+02 9.1908161e-01 4.7934372e-03
8.8000000e+02 9.1116423e-01 4.7727462e-03
8.8100000e+02 9.1040393e-01 4.7707545e-03
8.8200000e+02 9.1528029e-01 4.7835141e-03
8.8300000e+02 9.1385722e-01 4.7797940e-03
8.8400000e+02 9.1965313e-01 4.7949274e-03
8.8500000e+02 9.1664590e-01 4.7870813e-03
8.8600000e+02 9.1667009e-01 4.7871445e-03
8.8700000e+02 9.2048075e-01 4.7970844e-03
8.8800000e+02 9.2781420e-01 4.8161557e-03
8.8900000e+02 9.2974887e-01 4.8211743e-03
8.9000000e+02 9.3557261e-01 4.8362502e-03
8.9100000e+02 9.3519200e-01 4.8352663e-03
8.9200000e+02 9.4033381e-01 4.8485406e-03
8.9300000e+02 9.4411879e-01 4.8582888e-03
8.9400000e+02 9.3844729e-01 4.8436745e-03
8.9500000e+02 9.4469868e-01 4.8597806e-03
8.9600000e+02 9.4681276e-01 4.8652152e-03
8.9700000e+02 9.4864039e-01 4.8699086e-03
8.9800000e+02 9.3215819e-01 4.8274170e-03
8.9900000e+02 9.3635172e-01 4.8382634e-03
9.0000000e+02 9.4464314e-01 4.8596377e-03
9.0100000e+02 9.4294286e-01 4.8552623e-03
9.0200000e+02 9.4000095e-01 4.8476823e-03
9.0300000e+02 9.4500765e-01 4.8605752e-03
9.0400000e+02 9.5606544e-01 4.8889300e-03
9.0500000e+02 9.5414180e-01 4.8840091e-03
9.0600000e+02 9.4256106e-01 4.8542792e-03
9.0700000e+02 9.5031265e-01 4.8741991e-03
9.0800000e+02 9.3870592e-01 4.8443419e-03
9.0900000e+02 9.4161038e-01 4.8518305e-03
9.1000000e+02 9.4194402e-01 4.8526901e-03
9.1100000e+02 9.4742392e-01 4.8667852e-03
9.1200000e+02 9.4751812e-01 4.8670271e-03
9.1300000e+02 9.4518621e-01 4.8610344e-03
9.1400000e+02 9.5251405e-01 4.8798413e-03
9.1500000e+02 9.4947458e-01 4.8720493e-03
9.1600000e+02 9.4039021e-01 4.8486860e-03
9.1700000e+02 9.4065119e-01 4.8493587e-03
9.1800000e+02 9.2447462e-01 4.8074802e-03
9.1900000e+02 9.2320020e-01 4.8041654e-03
9.2000000e+02 9.2088285e-01 4.7981321e-03
9.2100000e+02 9.2444225e-01 4.8073960e-03
9.2200000e+02 9.3512276e-01 4.8350873e-03
9.2300000e+02 9.4183237e-01 4.8524024e-03
9.2400000e+02 9.5405771e-01 4.8837939e-03
9.2500000e+02 9.6238791e-01 4.9050686e-03
9.2600000e+02 9.5361190e-01 4.8826527e-03
9.2700000e+02 9.5603132e-01 4.8888427e-03
9.2800000e+02 9.5739792e-01 4.8923357e-03
9.2900000e+02 9.6521527e-01 4.9122685e-03
9.3000000e+02 9.5078959e-01 4.8754220e-03
9.3100000e+02 9.5952188e-01 4.8977594e-03
9.3200000e+02 9.6449276e-01 4.9104296e-03
9.3300000e+02 9.6380270e-01 4.9086727e-03
9.3400000e+02 9.7992895e-01 4.9495681e-03
9.3500000e+02 9.6994781e-01 4.9242964e-03
9.3600000e+02 9.6589680e-01 4.9140025e-03
9.3700000e+02 9.6814774e-01 4.9197250e-03
9.3800000e+02 9.7965426e-01 4.9488743e-03
9.3900000e+02 9.7623312e-01 4.9402255e-03
9.4000000e+02 9.8066522e-01 4.9514271e-03
9.4100000e+02 9.7680917e-01 4.9416829e-03
9.4200000e+02 9.7517439e-01 4.9375459e-03
9.4300000e+02 9.7957155e-01 4.9486654e-03
9.4400000e+02 9.7226095e-01 4.9301647e-03
9.4500000e+02 9.7341963e-01 4.9331016e-03
9.4600000e+02 9.6667497e-01 4.9159815e-03
9.4700000e+02 9.6995558e-01 4.9243162e-03
9.4800000e+02 9.6648840e-01 4.9155071e-03
9.4900000e+02 9.5379579e-01 4.8831235e-03
9.5000000e+02 9.4728276e-01 4.8664226e-03
9.5100000e+02 9.4399761e-01 4.8579770e-03
9.5200000e+02 9.3987448e-01 4.8473562e-03
9.5300000e+02 9.3892405e-01 4.8449047e-03
9.5400000e+02 9.3481391e-01 4.8342888e-03
9.5500000e+02 9.5081354e-01 4.8754834e-03
9.5600000e+02 9.4697048e-01 4.8656204e-03
9.5700000e+02 9.5658934e-01 4.8902693e-03
9.5800000e+02 9.6242593e-01 4.9051655e-03
9.5900000e+02 9.5620804e-01 4.8892946e-03
9.6000000e+02 9.5748358e-01 4.8925545e-03
9.6100000e+02 9.5317717e-01 4.8815397e-03
9.6200000e+02 9.6099998e-01 4.9015303e-03
9.6300000e+02 9.6040144e-01 4.9000037e-03
9.6400000e+02 9.6004280e-01 4.8990887e-03
9.6500000e+02 9.5851330e-01 4.8951847e-03
9.6600000e+02 9.7134864e-01 4.9278511e-03
9.6700000e+02 9.6741156e-01 4.9178541e-03
9.6800000e+02 9.7654416e-01 4.9410125e-03
9.6900000e+02 9.5860779e-01 4.8954259e-03
9.7000000e+02 9.5663812e-01 4.8903940e-03
9.7100000e+02 9.5237509e-01 4.8794854e-03
9.7200000e+02 9.5065299e-01 4.8750718e-03
9.7300000e+02 9.5281498e-01 4.8806121e-03
9.7400000e+02 9.3480205e-01 4.8342581e-03
9.7500000e+02 9.3654990e-01 4.8387754e-03
9.7600000e+02 9.3186871e-01 4.8266674e-03
9.7700000e+02 9.2118231e-01 4.7989122e-03
9.7800000e+02 9.1854730e-01 4.7920437e-03
9.7900000e+02 9.1867227e-01 4.7923697e-03
9.8000000e+02 9.1895316e-01 4.7931022e-03
9.8100000e+02 9.1955403e-01 4.7946690e-03
9.8200000e+02 9.1956106e-01 4.7946874e-03
9.8300000e+02 9.2154376e-01 4.7998536e-03
9.8400000e+02 9.3037493e-01 4.8227973e-03
9.8500000e+02 9.3162313e-01 4.8260313e-03
9.8600000e+02 9.3808386e-01 4.8427365e-03
9.8700000e+02 9.3431057e-01 4.8329871e-03
9.8800000e+02 9.4425009e-01 4.8586266e-03
9.8900000e+02 9.4815640e-01 4.8686662e-03
9.9000000e+02 9.4388891e-01 4.8576973e-03
9.9100000e+02 9.5101389e-01 4.8759971e-03
9.9200000e+02 9.3972046e-01 4.8469590e-03
9.9300000e+02 9.4409820e-01 4.8582358e-03
9.9400000e+02 9.5309729e-01 4.8813351e-03
9.9500000e+02 9.4620395e-01 4.8636508e-03
9.9600000e+02 9.4403628e-01 4.8580765e-03
9.9700000e+02 9.4249956e-01 4.8541209e-03
9.9800000e+02 9.4772419e-01 4.8675564e-03
9.9900000e+02 9.4655922e-01 4.8645638e-03
1.0000000e+03 9.4893082e-01 4.8706540e-03
