1.0000000e+00 9.6090208e-01 4.9012807e-03
2.0000000e+00 9.6676752e-01 4.9162169e-03
3.0000000e+00 9.7102851e-01 4.9270390e-03
4.0000000e+00 9.7086182e-01 4.9266161e-03
5.0000000e+00 9.7549092e-01 4.9383472e-03
6.0000000e+00 9.7351263e-01 4.9333372e-03
7.0000000e+00 9.6796696e-01 4.9192656e-03
8.0000000e+00 9.6748614e-01 4.9180437e-03
9.0000000e+00 9.6839529e-01 4.9203539e-03
1.0000000e+01 9.7372318e-01 4.9338707e-03
1.1000000e+01 9.7671901e-01 4.9414548e-03
1.2000000e+01 9.8002713e-01 4.9498160e-03
1.3000000e+01 9.7543793e-01 4.9382131e-03
1.4000000e+01 9.6887333e-01 4.9215682e-03
1.5000000e+01 9.6806405e-01 4.9195123e-03
1.6000000e+01 9.6661248e-01 4.9158226e-03
1.7000000e+01 9.6383618e-01 4.9087580e-03
1.8000000e+01 9.6404251e-01 4.9092833e-03
1.9000000e+01 9.6124209e-01 4.9021477e-03
2.0000000e+01 9.6505847e-01 4.9118695e-03
2.1000000e+01 9.5997545e-01 4.8989169e-03
2.2000000e+01 9.5735922e-01 4.8922368e-03
2.3000000e+01 9.5871101e-01 4.8956895e-03
2.4000000e+01 9.6122593e-01 4.9021065e-03
2.5000000e+01 9.6023228e-01 4.8995721e-03
2.6000000e+01 9.5342704e-01 4.8821795e-03
2.7000000e+01 9.4585131e-01 4.8627444e-03
2.8000000e+01 9.4443884e-01 4.8591122e-03
2.9000000e+01 9.4450901e-01 4.8592927e-03
3.0000000e+01 9.4438730e-01 4.8589796e-03
3.1000000e+01 9.4460312e-01 4.8595348e-03
3.2000000e+01 9.4623761e-01 4.8637373e-03
3.3000000e+01 9.4770801e-01 4.8675148e-03
3.4000000e+01 9.4992835e-01 4.8732134e-03
3.5000000e+01 9.4697096e-01 4.8656217e-03
3.6000000e+01 9.4530004e-01 4.8613271e-03
3.7000000e+01 9.4815593e-01 4.8686650e-03
3.8000000e+01 9.4545701e-01 4.8617307e-03
3.9000000e+01 9.4362351e-01 4.8570143e-03
4.0000000e+01 9.4467565e-01 4.8597214e-03
4.1000000e+01 9.5187701e-01 4.8782092e-03
4.2000000e+01 9.5384145e-01 4.8832404e-03
4.3000000e+01 9.5776224e-01 4.8932664e-03
4.4000000e+01 9.5378887e-01 4.8831058e-03
4.5000000e+01 9.5346374e-01 4.8822734e-03
4.6000000e+01 9.6181891e-01 4.9036184e-03
4.7000000e+01 9.5783286e-01 4.8934468e-03
4.8000000e+01 9.5851231e-01 4.8951821e-03
4.9000000e+01 9.5774855e-01 4.8932315e-03
5.0000000e+01 9.5681730e-01 4.8908520e-03
5.1000000e+01 9.6046473e-01 4.9001652e-03
5.2000000e+01 9.6000330e-01 4.8989879e-03
5.3000000e+01 9.6626011e-01 4.9149265e-03
5.4000000e+01 9.6521081e-01 4.9122572e-03
5.5000000e+01 9.6445192e-01 4.9103257e-03
5.6000000e+01 9.6441742e-01 4.9102379e-03
5.7000000e+01 9.6364022e-01 4.9082589e-03
5.8000000e+01 9.6680199e-01 4.9163045e-03
5.9000000e+01 9.6818652e-01 4.9198235e-03
6.0000000e+01 9.6558732e-01 4.9132152e-03
6.1000000e+01 9.6944216e-01 4.9230127e-03
6.2000000e+01 9.7467241e-01 4.9362750e-03
6.3000000e+01 9.7738740e-01 4.9431453e-03
6.4000000e+01 9.7720383e-01 4.9426810e-03
6.5000000e+01 9.7713761e-01 4.9425136e-03
6.6000000e+01 9.7849905e-01 4.9459556e-03
6.7000000e+01 9.8289233e-01 4.9570464e-03
6.8000000e+01 9.7559643e-01 4.9386143e-03
6.9000000e+01 9.8169399e-01 4.9540236e-03
7.0000000e+01 9.8273999e-01 4.9566622e-03
7.1000000e+01 9.8037594e-01 4.9506968e-03
7.2000000e+01 9.7657862e-01 4.9410996e-03
7.3000000e+01 9.8427632e-01 4.9605351e-03
7.4000000e+01 9.7918795e-01 4.9476963e-03
7.5000000e+01 9.7689866e-01 4.9419092e-03
7.6000000e+01 9.8085672e-01 4.9519106e-03
7.7000000e+01 9.8049007e-01 4.9509849e-03
7.8000000e+01 9.8465991e-01 4.9615016e-03
7.9000000e+01 9.8743443e-01 4.9684868e-03
8.0000000e+01 9.8873202e-01 4.9717503e-03
8.1000000e+01 9.8722806e-01 4.9679676e-03
8.2000000e+01 9.8455705e-01 4.9612424e-03
8.3000000e+01 9.8480205e-01 4.9618597e-03
8.4000000e+01 9.8582311e-01 4.9644313e-03
8.5000000e+01 9.8625264e-01 4.9655127e-03
8.6000000e+01 9.8783843e-01 4.9695031e-03
8.7000000e+01 9.8575643e-01 4.9642634e-03
8.8000000e+01 9.8329695e-01 4.9580666e-03
8.9000000e+01 9.8354552e-01 4.9586932e-03
9.0000000e+01 9.8872005e-01 4.9717202e-03
9.1000000e+01 9.8762785e-01 4.9689734e-03
9.2000000e+01 9.9092519e-01 4.9772613e-03
9.3000000e+01 9.9018228e-01 4.9753952e-03
9.4000000e+01 9.9065485e-01 4.9765823e-03
9.5000000e+01 9.8907444e-01 4.9726111e-03
9.6000000e+01 9.9021870e-01 4.9754867e-03
9.7000000e+01 9.8570900e-01 4.9641440e-03
9.8000000e+01 9.7650334e-01 4.9409092e-03
9.9000000e+01 9.7323532e-01 4.9326345e-03
1.0000000e+02 9.7197991e-01 4.9294521e-03
1.0100000e+02 9.7036567e-01 4.9253570e-03
1.0200000e+02 9.6766516e-01 4.9184987e-03
1.0300000e+02 9.6679825e-01 4.9162950e-03
1.0400000e+02 9.6632392e-01 4.9150888e-03
1.0500000e+02 9.6415029e-01 4.9095578e-03
1.0600000e+02 9.6428056e-01 4.9098894e-03
1.0700000e+02 9.6655184e-01 4.9156684e-03
1.0800000e+02 9.6373838e-01 4.9085089e-03
1.0900000e+02 9.6596386e-01 4.9141731e-03
1.1000000e+02 9.6342480e-01 4.9077103e-03
1.1100000e+02 9.6694535e-01 4.9166690e-03
1.1200000e+02 9.6544149e-01 4.9128441e-03
1.1300000e+02 9.6607773e-01 4.9144627e-03
1.1400000e+02 9.6935638e-01 4.9227949e-03
1.1500000e+02 9.7326989e-01 4.9327221e-03
1.1600000e+02 9.7268032e-01 4.9312279e-03
1.1700000e+02 9.6879511e-01 4.9213695e-03
1.1800000e+02 9.6855935e-01 4.9207707e-03
1.1900000e+02 9.6797884e-01 4.9192958e-03
1.2000000e+02 9.6533283e-01 4.9125677e-03
1.2100000e+02 9.6358373e-01 4.9081151e-03
1.2200000e+02 9.5846572e-01 4.8950632e-03
1.2300000e+02 9.5565088e-01 4.8878699e-03
1.2400000e+02 9.5586411e-01 4.8884152e-03
1.2500000e+02 9.5612206e-01 4.8890747e-03
1.2600000e+02 9.5702104e-01 4.8913726e-03
1.2700000e+02 9.5263736e-01 4.8801572e-03
1.2800000e+02 9.5433559e-01 4.8845051e-03
1.2900000e+02 9.5246477e-01 4.8797151e-03
1.3000000e+02 9.4905047e-01 4.8709611e-03
1.3100000e+02 9.5075297e-01 4.8753281e-03
1.3200000e+02 9.5203654e-01 4.8786180e-03
1.3300000e+02 9.5653445e-01 4.8901290e-03
1.3400000e+02 9.5392862e-01 4.8834635e-03
1.3500000e+02 9.5060817e-01 4.8749569e-03
1.3600000e+02 9.5536497e-01 4.8871387e-03
1.3700000e+02 9.4872633e-01 4.8701292e-03
1.3800000e+02 9.5064327e-01 4.8750469e-03
1.3900000e+02 9.5129694e-01 4.8767226e-03
1.4000000e+02 9.5255825e-01 4.8799546e-03
1.4100000e+02 9.5831690e-01 4.8946831e-03
1.4200000e+02 9.5505635e-01 4.8863493e-03
1.4300000e+02 9.5963507e-01 4.8980483e-03
1.4400000e+02 9.6492801e-01 4.9115375e-03
1.4500000e+02 9.6334519e-01 4.9075075e-03
1.4600000e+02 9.5625189e-01 4.8894067e-03
1.4700000e+02 9.5940648e-01 4.8974649e-03
1.4800000e+02 9.5574548e-01 4.8881118e-03
1.4900000e+02 9.5981271e-01 4.8985016e-03
1.5000000e+02 9.5567410e-01 4.8879293e-03
1.5100000e+02 9.5459767e-01 4.8851757e-03
1.5200000e+02 9.5495938e-01 4.8861012e-03
1.5300000e+02 9.5683650e-01 4.8909010e-03
1.5400000e+02 9.5564227e-01 4.8878479e-03
1.5500000e+02 9.5152937e-01 4.8773184e-03
1.5600000e+02 9.4671366e-01 4.8649606e-03
1.5700000e+02 9.4719056e-01 4.8661858e-03
1.5800000e+02 9.4873422e-01 4.8701495e-03
1.5900000e+02 9.4900247e-01 4.8708379e-03
1.6000000e+02 9.5091508e-01 4.8757438e-03
1.6100000e+02 9.4896667e-01 4.8707460e-03
1.6200000e+02 9.5068095e-01 4.8751435e-03
1.6300000e+02 9.5872104e-01 4.8957151e-03
1.6400000e+02 9.5922985e-01 4.8970140e-03
1.6500000e+02 9.5820440e-01 4.8943958e-03
1.6600000e+02 9.6057605e-01 4.9004491e-03
1.6700000e+02 9.5716266e-01 4.8917345e-03
1.6800000e+02 9.5640630e-01 4.8898014e-03
1.6900000e+02 9.5412953e-01 4.8839777e-03
1.7000000e+02 9.5579096e-01 4.8882281e-03
1.7100000e+02 9.5611886e-01 4.8890665e-03
1.7200000e+02 9.5617890e-01 4.8892201e-03
1.7300000e+02 9.5523772e-01 4.8868132e-03
1.7400000e+02 9.6119983e-01 4.9020400e-03
1.7500000e+02 9.7000343e-01 4.9244376e-03
1.7600000e+02 9.6935240e-01 4.9227848e-03
1.7700000e+02 9.7304198e-01 4.9321445e-03
1.7800000e+02 9.7137953e-01 4.9279294e-03
1.7900000e+02 9.6976334e-01 4.9238282e-03
1.8000000e+02 9.7292845e-01 4.9318568e-03
1.8100000e+02 9.7598002e-01 4.9395851e-03
1.8200000e+02 9.7648966e-01 4.9408746e-03
1.8300000e+02 9.6976515e-01 4.9238328e-03
1.8400000e+02 9.6688674e-01 4.9165200e-03
1.8500000e+02 9.6424601e-01 4.9098015e-03
1.8600000e+02 9.6284317e-01 4.9062286e-03
1.8700000e+02 9.6541753e-01 4.9127832e-03
1.8800000e+02 9.6504450e-01 4.9118339e-03
1.8900000e+02 9.6698573e-01 4.9167717e-03
1.9000000e+02 9.6380842e-01 4.9086873e-03
1.9100000e+02 9.6675536e-01 4.9161859e-03
1.9200000e+02 9.7575487e-01 4.9390153e-03
1.9300000e+02 9.7116108e-01 4.9273753e-03
1.9400000e+02 9.6583071e-01 4.9138344e-03
1.9500000e+02 9.7515856e-01 4.9375059e-03
1.9600000e+02 9.7122553e-01 4.9275388e-03
1.9700000e+02 9.7002628e-01 4.9244956e-03
1.9800000e+02 9.6597156e-01 4.9141926e-03
1.9900000e+02 9.6360285e-01 4.9081638e-03
2.0000000e+02 9.6409248e-01 4.9094106e-03
2.0100000e+02 9.6682813e-01 4.9163710e-03
2.0200000e+02 9.6612522e-01 4.9145835e-03
2.0300000e+02 9.6035271e-01 4.8998794e-03
2.0400000e+02 9.5629604e-01 4.8895195e-03
2.0500000e+02 9.5448664e-01 4.8848916e-03
2.0600000e+02 9.5730444e-01 4.8920968e-03
2.0700000e+02 9.5819407e-01 4.8943694e-03
2.0800000e+02 9.6138081e-01 4.9025015e-03
2.0900000e+02 9.5746048e-01 4.8924955e-03
2.1000000e+02 9.5666427e-01 4.8904608e-03
2.1100000e+02 9.5273206e-01 4.8803998e-03
2.1200000e+02 9.5545651e-01 4.8873728e-03
2.1300000e+02 9.5573230e-01 4.8880781e-03
2.1400000e+02 9.6315181e-01 4.9070149e-03
2.1500000e+02 9.5805639e-01 4.8940178e-03
2.1600000e+02 9.5777686e-01 4.8933038e-03
2.1700000e+02 9.5790599e-01 4.8936336e-03
2.1800000e+02 9.5565011e-01 4.8878679e-03
2.1900000e+02 9.5534651e-01 4.8870915e-03
2.2000000e+02 9.5404526e-01 4.8837621e-03
2.2100000e+02 9.5865835e-01 4.8955550e-03
2.2200000e+02 9.5729496e-01 4.8920726e-03
2.2300000e+02 9.5177068e-01 4.8779368e-03
2.2400000e+02 9.5267430e-01 4.8802518e-03
2.2500000e+02 9.5480514e-01 4.8857066e-03
2.2600000e+02 9.5509903e-01 4.8864584e-03
2.2700000e+02 9.5376622e-01 4.8830478e-03
2.2800000e+02 9.5059878e-01 4.8749328e-03
2.2900000e+02 9.5609853e-01 4.8890146e-03
2.3000000e+02 9.6244306e-01 4.9052091e-03
2.3100000e+02 9.7089124e-01 4.9266907e-03
2.3200000e+02 9.7028493e-01 4.9251521e-03
2.3300000e+02 9.6813543e-01 4.9196937e-03
2.3400000e+02 9.6668406e-01 4.9160046e-03
2.3500000e+02 9.6787721e-01 4.9190375e-03
2.3600000e+02 9.6614522e-01 4.9146343e-03
2.3700000e+02 9.7335253e-01 4.9329315e-03
2.3800000e+02 9.6930685e-01 4.9226691e-03
2.3900000e+02 9.6797223e-01 4.9192790e-03
2.4000000e+02 9.5993187e-01 4.8988057e-03
2.4100000e+02 9.6386389e-01 4.9088285e-03
2.4200000e+02 9.6848863e-01 4.9205910e-03
2.4300000e+02 9.6380735e-01 4.9086845e-03
2.4400000e+02 9.6191925e-01 4.9038741e-03
2.4500000e+02 9.5955224e-01 4.8978369e-03
2.4600000e+02 9.6261914e-01 4.9056578e-03
2.4700000e+02 9.6362411e-01 4.9082179e-03
2.4800000e+02 9.6436084e-01 4.9100938e-03
2.4900000e+02 9.6608279e-01 4.9144755e-03
2.5000000e+02 9.6968439e-01 4.9236277e-03
2.5100000e+02 9.6657674e-01 4.9157318e-03
2.5200000e+02 9.6761699e-01 4.9183763e-03
2.5300000e+02 9.6893569e-01 4.9217266e-03
2.5400000e+02 9.7308986e-01 4.9322659e-03
2.5500000e+02 9.7288250e-01 4.9317403e-03
2.5600000e+02 9.7118139e-01 4.9274268e-03
2.5700000e+02 9.7339493e-01 4.9330390e-03
2.5800000e+02 9.7662504e-01 4.9412171e-03
2.5900000e+02 9.7387920e-01 4.9342659e-03
2.6000000e+02 9.7084765e-01 4.9265801e-03
2.6100000e+02 9.6628731e-01 4.9149957e-03
2.6200000e+02 9.6631498e-01 4.9150661e-03
2.6300000e+02 9.6593420e-01 4.9140976e-03
2.6400000e+02 9.6620029e-01 4.9147744e-03
2.6500000e+02 9.6525696e-01 4.9123746e-03
2.6600000e+02 9.6610659e-01 4.9145361e-03
2.6700000e+02 9.6539138e-01 4.9127166e-03
2.6800000e+02 9.6381361e-01 4.9087005e-03
2.6900000e+02 9.6404269e-01 4.9092838e-03
2.7000000e+02 9.6274878e-01 4.9059882e-03
2.7100000e+02 9.6316485e-01 4.9070482e-03
2.7200000e+02 9.6319263e-01 4.9071189e-03
2.7300000e+02 9.6751320e-01 4.9181125e-03
2.7400000e+02 9.6782958e-01 4.9189165e-03
2.7500000e+02 9.5958394e-01 4.8979178e-03
2.7600000e+02 9.6523251e-01 4.9123124e-03
2.7700000e+02 9.6531606e-01 4.9125250e-03
2.7800000e+02 9.6542235e-01 4.9127954e-03
2.7900000e+02 9.6556063e-01 4.9131473e-03
2.8000000e+02 9.6679990e-01 4.9162992e-03
2.8100000e+02 9.6777160e-01 4.9187692e-03
2.8200000e+02 9.6869180e-01 4.9211071e-03
2.8300000e+02 9.7018440e-01 4.9248970e-03
2.8400000e+02 9.7170818e-01 4.9287630e-03
2.8500000e+02 9.6853098e-01 4.9206986e-03
2.8600000e+02 9.6689380e-01 4.9165379e-03
2.8700000e+02 9.6602056e-01 4.9143173e-03
2.8800000e+02 9.6643029e-01 4.9153593e-03
2.8900000e+02 9.6297837e-01 4.9065731e-03
2.9000000e+02 9.6426344e-01 4.9098458e-03
2.9100000e+02 9.6077576e-01 4.9009585e-03
2.9200000e+02 9.5857280e-01 4.8953366e-03
2.9300000e+02 9.6002866e-01 4.8990526e-03
2.9400000e+02 9.6691247e-01 4.9165854e-03
2.9500000e+02 9.6131368e-01 4.9023303e-03
2.9600000e+02 9.5581562e-01 4.8882912e-03
2.9700000e+02 9.5458904e-01 4.8851537e-03
2.9800000e+02 9.5964331e-01 4.8980693e-03
2.9900000e+02 9.6001114e-01 4.8990079e-03
3.0000000e+02 9.6608571e-01 4.9144830e-03
3.0100000e+02 9.5825275e-01 4.8945193e-03
3.0200000e+02 9.5861617e-01 4.8954473e-03
3.0300000e+02 9.5761626e-01 4.8928935e-03
3.0400000e+02 9.5728482e-01 4.8920467e-03
3.0500000e+02 9.6025710e-01 4.8996355e-03
3.0600000e+02 9.6508092e-01 4.9119266e-03
3.0700000e+02 9.6494600e-01 4.9115833e-03
3.0800000e+02 9.6849265e-01 4.9206012e-03
3.0900000e+02 9.6504925e-01 4.9118460e-03
3.1000000e+02 9.6304431e-01 4.9067411e-03
3.1100000e+02 9.7137099e-01 4.9279078e-03
3.1200000e+02 9.7097234e-01 4.9268965e-03
3.1300000e+02 9.6578076e-01 4.9137073e-03
3.1400000e+02 9.6981894e-01 4.9239693e-03
3.1500000e+02 9.6786538e-01 4.9190075e-03
3.1600000e+02 9.6669431e-01 4.9160307e-03
3.1700000e+02 9.6728248e-01 4.9175260e-03
3.1800000e+02 9.6874101e-01 4.9212321e-03
3.1900000e+02 9.6887834e-01 4.9215809e-03
3.2000000e+02 9.7116893e-01 4.9273952e-03
3.2100000e+02 9.7073193e-01 4.9262865e-03
3.2200000e+02 9.6578117e-01 4.9137083e-03
3.2300000e+02 9.6432456e-01 4.9100014e-03
3.2400000e+02 9.6347021e-01 4.9078259e-03
3.2500000e+02 9.6175555e-01 4.9034568e-03
3.2600000e+02 9.6812329e-01 4.9196628e-03
3.2700000e+02 9.6991238e-01 4.9242065e-03
3.2800000e+02 9.7242301e-01 4.9305756e-03
3.2900000e+02 9.7081152e-01 4.9264884e-03
3.3000000e+02 9.7080245e-01 4.9264654e-03
3.3100000e+02 9.6831594e-01 4.9201523e-03
3.3200000e+02 9.7572267e-01 4.9389338e-03
3.3300000e+02 9.7254366e-01 4.9308814e-03
3.3400000e+02 9.7152731e-01 4.9283043e-03
3.3500000e+02 9.6848056e-01 4.9205705e-03
3.3600000e+02 9.6566093e-01 4.9134024e-03
3.3700000e+02 9.6235510e-01 4.9049850e-03
3.3800000e+02 9.5852602e-01 4.8952171e-03
3.3900000e+02 9.5788665e-01 4.8935842e-03
3.4000000e+02 9.5967916e-01 4.8981608e-03
3.4100000e+02 9.6183786e-01 4.9036667e-03
3.4200000e+02 9.6110027e-01 4.9017861e-03
3.4300000e+02 9.6943564e-01 4.9229962e-03
3.4400000e+02 9.7007574e-01 4.9246212e-03
3.4500000e+02 9.7015870e-01 4.9248318e-03
3.4600000e+02 9.6767667e-01 4.9185279e-03
3.4700000e+02 9.6946637e-01 4.9230742e-03
3.4800000e+02 9.7269107e-01 4.9312551e-03
3.4900000e+02 9.7110065e-01 4.9272220e-03
3.5000000e+02 9.6920627e-01 4.9224137e-03
3.5100000e+02 9.6820037e-01 4.9198587e-03
3.5200000e+02 9.6170722e-01 4.9033336e-03
3.5300000e+02 9.6396253e-01 4.9090797e-03
3.5400000e+02 9.6077304e-01 4.9009516e-03
3.5500000e+02 9.5879976e-01 4.8959161e-03
3.5600000e+02 9.5871898e-01 4.8957098e-03
3.5700000e+02 9.5804914e-01 4.8939993e-03
3.5800000e+02 9.5273072e-01 4.8803963e-03
3.5900000e+02 9.5793178e-01 4.8936995e-03
3.6000000e+02 9.6395985e-01 4.9090729e-03
3.6100000e+02 9.5812474e-01 4.8941923e-03
3.6200000e+02 9.5617434e-01 4.8892084e-03
3.6300000e+02 9.5635314e-01 4.8896655e-03
3.6400000e+02 9.5611958e-01 4.8890684e-03
3.6500000e+02 9.5545731e-01 4.8873749e-03
3.6600000e+02 9.4811152e-01 4.8685510e-03
3.6700000e+02 9.5096419e-01 4.8758697e-03
3.6800000e+02 9.4537800e-01 4.8615276e-03
3.6900000e+02 9.4548543e-01 4.8618038e-03
3.7000000e+02 9.4330299e-01 4.8561894e-03
3.7100000e+02 9.4782478e-01 4.8678147e-03
3.7200000e+02 9.4692760e-01 4.8655103e-03
3.7300000e+02 9.4944515e-01 4.8719738e-03
3.7400000e+02 9.4751977e-01 4.8670314e-03
3.7500000e+02 9.4750748e-01 4.8669998e-03
3.7600000e+02 9.4421278e-01 4.8585306e-03
3.7700000e+02 9.4806860e-01 4.8684407e-03
3.7800000e+02 9.5127251e-01 4.8766600e-03
3.7900000e+02 9.4878267e-01 4.8702738e-03
3.8000000e+02 9.4522739e-01 4.8611403e-03
3.8100000e+02 9.4143036e-01 4.8513667e-03
3.8200000e+02 9.4474951e-01 4.8599113e-03
3.8300000e+02 9.4749300e-01 4.8669626e-03
3.8400000e+02 9.4809937e-01 4.8685198e-03
3.8500000e+02 9.4729478e-01 4.8664535e-03
3.8600000e+02 9.4522991e-01 4.8611468e-03
3.8700000e+02 9.3844437e-01 4.8436669e-03
3.8800000e+02 9.3945096e-01 4.8462639e-03
3.8900000e+02 9.4206275e-01 4.8529959e-03
3.9000000e+02 9.4013559e-01 4.8480295e-03
3.9100000e+02 9.4424201e-01 4.8586058e-03
3.9200000e+02 9.4808033e-01 4.8684709e-03
3.9300000e+02 9.5036418e-01 4.8743312e-03
3.9400000e+02 9.4434026e-01 4.8588586e-03
3.9500000e+02 9.4509043e-01 4.8607881e-03
3.9600000e+02 9.4877023e-01 4.8702419e-03
3.9700000e+02 9.4583473e-01 4.8627018e-03
3.9800000e+02 9.5065279e-01 4.8750713e-03
3.9900000e+02 9.5213566e-01 4.8788720e-03
4.0000000e+02 9.5374385e-01 4.8829905e-03
4.0100000e+02 9.5393386e-01 4.8834769e-03
4.0200000e+02 9.5673850e-01 4.8906505e-03
4.0300000e+02 9.5354963e-01 4.8824933e-03
4.0400000e+02 9.5184153e-01 4.8781183e-03
4.0500000e+02 9.4998838e-01 4.8733674e-03
4.0600000e+02 9.5230112e-01 4.8792959e-03
4.0700000e+02 9.5420497e-01 4.8841708e-03
4.0800000e+02 9.5700308e-01 4.8913267e-03
4.0900000e+02 9.5620601e-01 4.8892894e-03
4.1000000e+02 9.5926637e-01 4.8971073e-03
4.1100000e+02 9.6051425e-01 4.9002915e-03
4.1200000e+02 9.5870633e-01 4.8956775e-03
4.1300000e+02 9.5906825e-01 4.8966015e-03
4.1400000e+02 9.6145657e-01 4.9026946e-03
4.1500000e+02 9.5668512e-01 4.8905141e-03
4.1600000e+02 9.5236478e-01 4.8794590e-03
4.1700000e+02 9.5167869e-01 4.8777010e-03
4.1800000e+02 9.5567123e-01 4.8879219e-03
4.1900000e+02 9.5695881e-01 4.8912136e-03
4.2000000e+02 9.5324128e-01 4.8817038e-03
4.2100000e+02 9.5723536e-01 4.8919203e-03
4.2200000e+02 9.5309363e-01 4.8813258e-03
4.2300000e+02 9.5058485e-01 4.8748971e-03
4.2400000e+02 9.5363335e-01 4.8827076e-03
4.2500000e+02 9.5591652e-01 4.8885492e-03
4.2600000e+02 9.5909094e-01 4.8966594e-03
4.2700000e+02 9.5105032e-01 4.8760905e-03
4.2800000e+02 9.5051373e-01 4.8747147e-03
4.2900000e+02 9.5881434e-01 4.8959533e-03
4.3000000e+02 9.6158928e-01 4.9030330e-03
4.3100000e+02 9.5682024e-01 4.8908594e-03
4.3200000e+02 9.6058851e-01 4.9004809e-03
4.3300000e+02 9.6398445e-01 4.9091355e-03
4.3400000e+02 9.5464361e-01 4.8852933e-03
4.3500000e+02 9.5756723e-01 4.8927682e-03
4.3600000e+02 9.5791059e-01 4.8936454e-03
4.3700000e+02 9.5492340e-01 4.8860091e-03
4.3800000e+02 9.5268092e-01 4.8802688e-03
4.3900000e+02 9.4570170e-01 4.8623598e-03
4.4000000e+02 9.4884945e-01 4.8704452e-03
4.4100000e+02 9.4869929e-01 4.8700598e-03
4.4200000e+02 9.5423048e-01 4.8842361e-03
4.4300000e+02 9.5369718e-01 4.8828710e-03
4.4400000e+02 9.5758761e-01 4.8928203e-03
4.4500000e+02 9.5839479e-01 4.8948820e-03
4.4600000e+02 9.6427680e-01 4.9098799e-03
4.4700000e+02 9.6265408e-01 4.9057469e-03
4.4800000e+02 9.6398415e-01 4.9091348e-03
4.4900000e+02 9.5762915e-01 4.8929264e-03
4.5000000e+02 9.5279711e-01 4.8805664e-03
4.5100000e+02 9.4806732e-01 4.8684374e-03
4.5200000e+02 9.5219352e-01 4.8790202e-03
4.5300000e+02 9.5336166e-01 4.8820121e-03
4.5400000e+02 9.5162500e-01 4.8775634e-03
4.5500000e+02 9.4714125e-01 4.8660591e-03
4.5600000e+02 9.4439386e-01 4.8589965e-03
4.5700000e+02 9.4645025e-01 4.8642838e-03
4.5800000e+02 9.3844485e-01 4.8436682e-03
4.5900000e+02 9.3559164e-01 4.8362993e-03
4.6000000e+02 9.4015559e-01 4.8480811e-03
4.6100000e+02 9.4168361e-01 4.8520192e-03
4.6200000e+02 9.4052399e-01 4.8490308e-03
4.6300000e+02 9.4277288e-01 4.8548246e-03
4.6400000e+02 9.4812522e-01 4.8685861e-03
4.6500000e+02 9.4384653e-01 4.8575882e-03
4.6600000e+02 9.4863835e-01 4.8699034e-03
4.6700000e+02 9.4482309e-01 4.8601006e-03
4.6800000e+02 9.3886950e-01 4.8447639e-03
4.6900000e+02 9.4050356e-01 4.8489782e-03
4.7000000e+02 9.3708138e-01 4.8401482e-03
4.7100000e+02 9.4058673e-01 4.8491926e-03
4.7200000e+02 9.4399430e-01 4.8579685e-03
4.7300000e+02 9.4677772e-01 4.8651252e-03
4.7400000e+02 9.4942500e-01 4.8719221e-03
4.7500000e+02 9.5455963e-01 4.8850784e-03
4.7600000e+02 9.5080825e-01 4.8754699e-03
4.7700000e+02 9.4975756e-01 4.8727753e-03
4.7800000e+02 9.5262232e-01 4.8801187e-03
4.7900000e+02 9.4986508e-01 4.8730511e-03
4.8000000e+02 9.4135452e-01 4.8511713e-03
4.8100000e+02 9.3874793e-01 4.8444503e-03
4.8200000e+02 9.3823483e-01 4.8431262e-03
4.8300000e+02 9.4075224e-01 4.8496192e-03
4.8400000e+02 9.4661013e-01 4.8646946e-03
4.8500000e+02 9.5214948e-01 4.8789074e-03
4.8600000e+02 9.5425431e-01 4.8842971e-03
4.8700000e+02 9.5808454e-01 4.8940897e-03
4.8800000e+02 9.5873923e-01 4.8957615e-03
4.8900000e+02 9.5442445e-01 4.8847325e-03
4.9000000e+02 9.5663529e-01 4.8903867e-03
4.9100000e+02 9.5194338e-01 4.8783793e-03
4.9200000e+02 9.5122125e-01 4.8765286e-03
4.9300000e+02 9.5395736e-01 4.8835371e-03
4.9400000e+02 9.5388980e-01 4.8833641e-03
4.9500000e+02 9.4757040e-01 4.8671614e-03
4.9600000e+02 9.4515220e-01 4.8609470e-03
4.9700000e+02 9.4644530e-01 4.8642710e-03
4.9800000e+02 9.4630019e-01 4.8638981e-03
4.9900000e+02 9.4496093e-01 4.8604551e-03
5.0000000e+02 9.4860948e-01 4.8698293e-03
5.0100000e+02 9.4635520e-01 4.8640395e-03
5.0200000e+02 9.4810164e-01 4.8685256e-03
5.0300000e+02 9.5106282e-01 4.8761225e-03
5.0400000e+02 9.4956984e-01 4.8722937e-03
5.0500000e+02 9.4934806e-01 4.8717247e-03
5.0600000e+02 9.4869054e-01 4.8700373e-03
5.0700000e+02 9.4684771e-01 4.8653050e-03
5.0800000e+02 9.4646167e-01 4.8643131e-03
5.0900000e+02 9.4817895e-01 4.8687241e-03
5.1000000e+02 9.5130775e-01 4.8767504e-03
5.1100000e+02 9.5102059e-01 4.8760142e-03
5.1200000e+02 9.5067299e-01 4.8751231e-03
5.1300000e+02 9.4743405e-01 4.8668112e-03
5.1400000e+02 9.4943564e-01 4.8719494e-03
5.1500000e+02 9.4875929e-01 4.8702138e-03
5.1600000e+02 9.5487995e-01 4.8858980e-03
5.1700000e+02 9.5852792e-01 4.8952220e-03
5.1800000e+02 9.6047451e-01 4.9001901e-03
5.1900000e+02 9.6041816e-01 4.9000464e-03
5.2000000e+02 9.6206638e-01 4.9042492e-03
5.2100000e+02 9.6958200e-01 4.9233678e-03
5.2200000e+02 9.6665654e-01 4.9159347e-03
5.2300000e+02 9.6534815e-01 4.9126066e-03
5.2400000e+02 9.6066818e-01 4.9006841e-03
5.2500000e+02 9.6343688e-01 4.9077411e-03
5.2600000e+02 9.6288031e-01 4.9063233e-03
5.2700000e+02 9.5762095e-01 4.8929055e-03
5.2800000e+02 9.6115554e-01 4.9019270e-03
5.2900000e+02 9.6347949e-01 4.9078496e-03
5.3000000e+02 9.6056048e-01 4.9004094e-03
5.3100000e+02 9.6058671e-01 4.9004763e-03
5.3200000e+02 9.6361017e-01 4.9081824e-03
5.3300000e+02 9.6594407e-01 4.9141227e-03
5.3400000e+02 9.6423739e-01 4.9097795e-03
5.3500000e+02 9.6515416e-01 4.9121130e-03
5.3600000e+02 9.6709628e-01 4.9170527e-03
5.3700000e+02 9.6529701e-01 4.9124765e-03
5.3800000e+02 9.6745834e-01 4.9179730e-03
5.3900000e+02 9.6893914e-01 4.9217353e-03
5.4000000e+02 9.6816458e-01 4.9197678e-03
5.4100000e+02 9.6561871e-01 4.9132950e-03
5.4200000e+02 9.7097595e-01 4.9269056e-03
5.4300000e+02 9.7544608e-01 4.9382337e-03
5.4400000e+02 9.7795615e-01 4.9445833e-03
5.4500000e+02 9.7043005e-01 4.9255204e-03
5.4600000e+02 9.6828331e-01 4.9200694e-03
5.4700000e+02 9.7115977e-01 4.9273720e-03
5.4800000e+02 9.7103843e-01 4.9270641e-03
5.4900000e+02 9.7160849e-01 4.9285102e-03
5.5000000e+02 9.6348315e-01 4.9078589e-03
5.5100000e+02 9.7096049e-01 4.9268664e-03
5.5200000e+02 9.6846136e-01 4.9205217e-03
5.5300000e+02 9.7627753e-01 4.9403379e-03
5.5400000e+02 9.7201024e-01 4.9295290e-03
5.5500000e+02 9.7253714e-01 4.9308649e-03
5.5600000e+02 9.7064671e-01 4.9260702e-03
5.5700000e+02 9.7340996e-01 4.9330771e-03
5.5800000e+02 9.7082077e-01 4.9265119e-03
5.5900000e+02 9.7330061e-01 4.9328000e-03
5.6000000e+02 9.7361617e-01 4.9335995e-03
5.6100000e+02 9.7356238e-01 4.9334633e-03
5.6200000e+02 9.7486717e-01 4.9367681e-03
5.6300000e+02 9.7544447e-01 4.9382297e-03
5.6400000e+02 9.7809369e-01 4.9449310e-03
5.6500000e+02 9.7959791e-01 4.9487320e-03
5.6600000e+02 9.7852151e-01 4.9460123e-03
5.6700000e+02 9.7516576e-01 4.9375241e-03
5.6800000e+02 9.7395143e-01 4.9344489e-03
5.6900000e+02 9.7830403e-01 4.9454627e-03
5.7000000e+02 9.7884448e-01 4.9468285e-03
5.7100000e+02 9.8010467e-01 4.9500118e-03
5.7200000e+02 9.7970187e-01 4.9489946e-03
5.7300000e+02 9.8130826e-01 4.9530502e-03
5.7400000e+02 9.7796889e-01 4.9446155e-03
5.7500000e+02 9.8073961e-01 4.9516149e-03
5.7600000e+02 9.8408011e-01 4.9600406e-03
5.7700000e+02 9.8928459e-01 4.9731393e-03
5.7800000e+02 9.8332633e-01 4.9581406e-03
5.7900000e+02 9.7782225e-01 4.9442448e-03
5.8000000e+02 9.7569398e-01 4.9388612e-03
5.8100000e+02 9.7525093e-01 4.9377397e-03
5.8200000e+02 9.7200009e-01 4.9295033e-03
5.8300000e+02 9.7040410e-01 4.9254546e-03
5.8400000e+02 9.7162586e-01 4.9285542e-03
5.8500000e+02 9.7064552e-01 4.9260672e-03
5.8600000e+02 9.6699602e-01 4.9167978e-03
5.8700000e+02 9.7134352e-01 4.9278381e-03
5.8800000e+02 9.7097601e-01 4.9269058e-03
5.8900000e+02 9.6845228e-01 4.9204987e-03
5.9000000e+02 9.7070392e-01 4.9262154e-03
5.9100000e+02 9.6986386e-01 4.9240834e-03
5.9200000e+02 9.6767630e-01 4.9185270e-03
5.9300000e+02 9.7140493e-01 4.9279939e-03
5.9400000e+02 9.7190149e-01 4.9292532e-03
5.9500000e+02 9.7164557e-01 4.9286042e-03
5.9600000e+02 9.7046770e-01 4.9256160e-03
5.9700000e+02 9.6990934e-01 4.9241988e-03
5.9800000e+02 9.7156182e-01 4.9283918e-03
5.9900000e+02 9.6928046e-01 4.9226021e-03
6.0000000e+02 9.7204232e-01 4.9296104e-03
6.0100000e+02 9.6731321e-01 4.9176041e-03
6.0200000e+02 9.6439655e-01 4.9101847e-03
6.0300000e+02 9.6901877e-01 4.9219376e-03
6.0400000e+02 9.7518939e-01 4.9375839e-03
6.0500000e+02 9.6725511e-01 4.9174565e-03
6.0600000e+02 9.6728041e-01 4.9175208e-03
6.0700000e+02 9.6441148e-01 4.9102227e-03
6.0800000e+02 9.6536437e-01 4.9126479e-03
6.0900000e+02 9.6563856e-01 4.9133455e-03
6.1000000e+02 9.7195183e-01 4.9293809e-03
6.1100000e+02 9.7582714e-01 4.9391982e-03
6.1200000e+02 9.6933591e-01 4.9227429e-03
6.1300000e+02 9.6976680e-01 4.9238370e-03
6.1400000e+02 9.7012218e-01 4.9247390e-03
6.1500000e+02 9.7203281e-01 4.9295862e-03
6.1600000e+02 9.7280589e-01 4.9315461e-03
6.1700000e+02 9.7443917e-01 4.9356843e-03
6.1800000e+02 9.6927711e-01 4.9225936e-03
6.1900000e+02 9.7277449e-01 4.9314666e-03
6.2000000e+02 9.6974616e-01 4.9237845e-03
6.2100000e+02 9.6990674e-01 4.9241922e-03
6.2200000e+02 9.7002759e-01 4.9244990e-03
6.2300000e+02 9.6811049e-01 4.9196303e-03
6.2400000e+02 9.6395753e-01 4.9090670e-03
6.2500000e+02 9.6644222e-01 4.9153897e-03
6.2600000e+02 9.7193435e-01 4.9293366e-03
6.2700000e+02 9.7346451e-01 4.9332153e-03
6.2800000e+02 9.7574066e-01 4.9389793e-03
6.2900000e+02 9.7638051e-01 4.9405984e-03
6.3000000e+02 9.7691549e-01 4.9419518e-03
6.3100000e+02 9.7325565e-01 4.9326860e-03
6.3200000e+02 9.8068853e-01 4.9514860e-03
6.3300000e+02 9.8453386e-01 4.9611840e-03
6.3400000e+02 9.8911881e-01 4.9727226e-03
6.3500000e+02 9.8714416e-01 4.9677565e-03
6.3600000e+02 9.8383284e-01 4.9594174e-03
6.3700000e+02 9.8485716e-01 4.9619985e-03
6.3800000e+02 9.8521968e-01 4.9629117e-03
6.3900000e+02 9.8393752e-01 4.9596813e-03
6.4000000e+02 9.8760287e-01 4.9689106e-03
6.4100000e+02 9.9043119e-01 4.9760205e-03
6.4200000e+02 9.8465744e-01 4.9614954e-03
6.4300000e+02 9.8485406e-01 4.9619907e-03
6.4400000e+02 9.8374617e-01 4.9591990e-03
6.4500000e+02 9.7218699e-01 4.9299772e-03
6.4600000e+02 9.7651072e-01 4.9409279e-03
6.4700000e+02 9.7977329e-01 4.9491749e-03
6.4800000e+02 9.7927878e-01 4.9479258e-03
6.4900000e+02 9.8071228e-01 4.9515459e-03
6.5000000e+02 9.8385992e-01 4.9594857e-03
6.5100000e+02 9.8478900e-01 4.9618268e-03
6.5200000e+02 9.8399101e-01 4.9598161e-03
6.5300000e+02 9.8200886e-01 4.9548180e-03
6.5400000e+02 9.8718502e-01 4.9678593e-03
6.5500000e+02 9.8983920e-01 4.9745332e-03
6.5600000e+02 9.8532414e-01 4.9631748e-03
6.5700000e+02 9.8558945e-01 4.9638429e-03
6.5800000e+02 9.8560840e-01 4.9638906e-03
6.5900000e+02 9.8699187e-01 4.9673732e-03
6.6000000e+02 9.8544260e-01 4.9634731e-03
6.6100000e+02 9.8302184e-01 4.9573729e-03
6.6200000e+02 9.7724036e-01 4.9427734e-03
6.6300000e+02 9.7766537e-01 4.9438482e-03
6.6400000e+02 9.8227206e-01 4.9554820e-03
6.6500000e+02 9.8600245e-01 4.9648828e-03
6.6600000e+02 9.8629098e-01 4.9656092e-03
6.6700000e+02 9.8269784e-01 4.9565559e-03
6.6800000e+02 9.7938672e-01 4.9481985e-03
6.6900000e+02 9.7430508e-01 4.9353447e-03
6.7000000e+02 9.7361216e-01 4.9335894e-03
6.7100000e+02 9.7625274e-01 4.9402752e-03
6.7200000e+02 9.7385005e-01 4.9341921e-03
6.7300000e+02 9.6722347e-01 4.9173760e-03
6.7400000e+02 9.6230593e-01 4.9048597e-03
6.7500000e+02 9.6160880e-01 4.9030827e-03
6.7600000e+02 9.5978359e-01 4.8984273e-03
6.7700000e+02 9.5586432e-01 4.8884157e-03
6.7800000e+02 9.5931092e-01 4.8972210e-03
6.7900000e+02 9.6030390e-01 4.8997549e-03
6.8000000e+02 9.6644095e-01 4.9153865e-03
6.8100000e+02 9.6439109e-01 4.9101708e-03
6.8200000e+02 9.6139025e-01 4.9025255e-03
6.8300000e+02 9.5752581e-01 4.8926624e-03
6.8400000e+02 9.5190211e-01 4.8782736e-03
6.8500000e+02 9.4513991e-01 4.8609154e-03
6.8600000e+02 9.4584885e-01 4.8627381e-03
6.8700000e+02 9.4306758e-01 4.8555834e-03
6.8800000e+02 9.4728263e-01 4.8664223e-03
6.8900000e+02 9.4407848e-01 4.8581851e-03
6.9000000e+02 9.4227516e-01 4.8535430e-03
6.9100000e+02 9.4519116e-01 4.8610471e-03
6.9200000e+02 9.4450189e-01 4.8592744e-03
6.9300000e+02 9.4527039e-01 4.8612509e-03
6.9400000e+02 9.4480036e-01 4.8600421e-03
6.9500000e+02 9.4621578e-01 4.8636812e-03
6.9600000e+02 9.4543790e-01 4.8616816e-03
6.9700000e+02 9.4734428e-01 4.8665807e-03
6.9800000e+02 9.4304446e-01 4.8555238e-03
6.9900000e+02 9.4697624e-01 4.8656352e-03
7.0000000e+02 9.4244651e-01 4.8539842e-03
7.0100000e+02 9.3891574e-01 4.8448833e-03
7.0200000e+02 9.3196003e-01 4.8269039e-03
7.0300000e+02 9.2868643e-01 4.8184189e-03
7.0400000e+02 9.2491008e-01 4.8086123e-03
7.0500000e+02 9.1801904e-01 4.7906655e-03
7.0600000e+02 9.2216095e-01 4.8014606e-03
7.0700000e+02 9.2594639e-01 4.8113054e-03
7.0800000e+02 9.2852090e-01 4.8179895e-03
7.0900000e+02 9.3019121e-01 4.8223211e-03
7.1000000e+02 9.2987447e-01 4.8215000e-03
7.1100000e+02 9.3762918e-01 4.8415627e-03
7.1200000e+02 9.4244563e-01 4.8539820e-03
7.1300000e+02 9.4076583e-01 4.8496542e-03
7.1400000e+02 9.3954610e-01 4.8465093e-03
7.1500000e+02 9.4107949e-01 4.8504626e-03
7.1600000e+02 9.3751966e-01 4.8412800e-03
7.1700000e+02 9.3943350e-01 4.8462189e-03
7.1800000e+02 9.4604300e-01 4.8632371e-03
7.1900000e+02 9.4127055e-01 4.8509550e-03
7.2000000e+02 9.4657882e-01 4.8646141e-03
7.2100000e+02 9.4163084e-01 4.8518833e-03
7.2200000e+02 9.4309741e-01 4.8556601e-03
7.2300000e+02 9.4347633e-01 4.8566355e-03
7.2400000e+02 9.4284475e-01 4.8550097e-03
7.2500000e+02 9.4471425e-01 4.8598206e-03
7.2600000e+02 9.3880001e-01 4.8445846e-03
7.2700000e+02 9.4156302e-01 4.8517085e-03
7.2800000e+02 9.4288693e-01 4.8551183e-03
7.2900000e+02 9.3612574e-01 4.8376796e-03
7.3000000e+02 9.3630062e-01 4.8381314e-03
7.3100000e+02 9.3840863e-01 4.8435747e-03
7.3200000e+02 9.3452150e-01 4.8335326e-03
7.3300000e+02 9.3455298e-01 4.8336140e-03
7.3400000e+02 9.3188954e-01 4.8267213e-03
7.3500000e+02 9.2603949e-01 4.8115473e-03
7.3600000e+02 9.2681539e-01 4.8135626e-03
7.3700000e+02 9.2694313e-01 4.8138943e-03
7.3800000e+02 9.2823034e-01 4.8172356e-03
7.3900000e+02 9.2452096e-01 4.8076007e-03
7.4000000e+02 9.2787677e-01 4.8163180e-03
7.4100000e+02 9.2963379e-01 4.8208759e-03
7.4200000e+02 9.3301868e-01 4.8296446e-03
7.4300000e+02 9.3662273e-01 4.8389636e-03
7.4400000e+02 9.4282913e-01 4.8549695e-03
7.4500000e+02 9.4277210e-01 4.8548226e-03
7.4600000e+02 9.4387300e-01 4.8576563e-03
7.4700000e+02 9.4248276e-01 4.8540776e-03
7.4800000e+02 9.4218431e-01 4.8533090e-03
7.4900000e+02 9.5079944e-01 4.8754473e-03
7.5000000e+02 9.5579516e-01 4.8882389e-03
7.5100000e+02 9.5194392e-01 4.8783807e-03
7.5200000e+02 9.5439008e-01 4.8846445e-03
7.5300000e+02 9.5716193e-01 4.8917327e-03
7.5400000e+02 9.5222533e-01 4.8791017e-03
7.5500000e+02 9.5972621e-01 4.8982809e-03
7.5600000e+02 9.6082130e-01 4.9010747e-03
7.5700000e+02 9.5775779e-01 4.8932550e-03
7.5800000e+02 9.6245487e-01 4.9052392e-03
7.5900000e+02 9.6946820e-01 4.9230788e-03
7.6000000e+02 9.6747598e-01 4.9180179e-03
7.6100000e+02 9.6756286e-01 4.9182387e-03
7.6200000e+02 9.6638113e-01 4.9152343e-03
7.6300000e+02 9.6570475e-01 4.9135139e-03
7.6400000e+02 9.6094594e-01 4.9013925e-03
7.6500000e+02 9.6099155e-01 4.9015089e-03
7.6600000e+02 9.6450518e-01 4.9104613e-03
7.6700000e+02 9.6324935e-01 4.9072634e-03
7.6800000e+02 9.6301102e-01 4.9066563e-03
7.6900000e+02 9.6517552e-01 4.9121674e-03
7.7000000e+02 9.6712016e-01 4.9171134e-03
7.7100000e+02 9.6715520e-01 4.9172025e-03
7.7200000e+02 9.6975147e-01 4.9237980e-03
7.7300000e+02 9.6745419e-01 4.9179625e-03
7.7400000e+02 9.7407826e-01 4.9347702e-03
7.7500000e+02 9.7665188e-01 4.9412850e-03
7.7600000e+02 9.7925959e-01 4.9478773e-03
7.7700000e+02 9.8004152e-01 4.9498523e-03
7.7800000e+02 9.7760026e-01 4.9436835e-03
7.7900000e+02 9.7923393e-01 4.9478125e-03
7.8000000e+02 9.8522116e-01 4.9629154e-03
7.8100000e+02 9.7680944e-01 4.9416835e-03
7.8200000e+02 9.7227454e-01 4.9301992e-03
7.8300000e+02 9.7508801e-01 4.9373273e-03
7.8400000e+02 9.6944615e-01 4.9230228e-03
7.8500000e+02 9.6969430e-01 4.9236529e-03
7.8600000e+02 9.7144921e-01 4.9281062e-03
7.8700000e+02 9.7133004e-01 4.9278039e-03
7.8800000e+02 9.6368015e-01 4.9083606e-03
7.8900000e+02 9.6161075e-01 4.9030877e-03
7.9000000e+02 9.6318946e-01 4.9071108e-03
7.9100000e+02 9.6362462e-01 4.9082192e-03
7.9200000e+02 9.6386978e-01 4.9088435e-03
7.9300000e+02 9.6109530e-01 4.9017734e-03
7.9400000e+02 9.6657846e-01 4.9157361e-03
7.9500000e+02 9.5857751e-01 4.8953486e-03
7.9600000e+02 9.6185688e-01 4.9037151e-03
7.9700000e+02 9.6548842e-01 4.9129635e-03
7.9800000e+02 9.6956282e-01 4.9233191e-03
7.9900000e+02 9.7379942e-01 4.9340638e-03
8.0000000e+02 9.7607909e-01 4.9398358e-03
8.0100000e+02 9.7273589e-01 4.9313687e-03
8.0200000e+02 9.6047033e-01 4.9001794e-03
8.0300000e+02 9.6099457e-01 4.9015165e-03
8.0400000e+02 9.6142111e-01 4.9026042e-03
8.0500000e+02 9.5817998e-01 4.8943334e-03
8.0600000e+02 9.5320727e-01 4.8816167e-03
8.0700000e+02 9.5610376e-01 4.8890279e-03
8.0800000e+02 9.5556041e-01 4.8876385e-03
8.0900000e+02 9.5939085e-01 4.8974250e-03
8.1000000e+02 9.5413198e-01 4.8839840e-03
8.1100000e+02 9.5435308e-01 4.8845499e-03
8.1200000e+02 9.5854919e-01 4.8952763e-03
8.1300000e+02 9.6087042e-01 4.9011999e-03
8.1400000e+02 9.5702667e-01 4.8913870e-03
8.1500000e+02 9.5810332e-01 4.8941376e-03
8.1600000e+02 9.6055496e-01 4.9003953e-03
8.1700000e+02 9.5883868e-01 4.8960154e-03
8.1800000e+02 9.5789360e-01 4.8936020e-03
8.1900000e+02 9.6737330e-01 4.9177569e-03
8.2000000e+02 9.7313829e-01 4.9323886e-03
8.2100000e+02 9.7335996e-01 4.9329504e-03
8.2200000e+02 9.7686079e-01 4.9418134e-03
8.2300000e+02 9.7159618e-01 4.9284790e-03
8.2400000e+02 9.7508829e-01 4.9373280e-03
8.2500000e+02 9.7847486e-01 4.9458944e-03
8.2600000e+02 9.7115875e-01 4.9273694e-03
8.2700000e+02 9.7286816e-01 4.9317040e-03
8.2800000e+02 9.7022037e-01 4.9249883e-03
8.2900000e+02 9.7029823e-01 4.9251859e-03
8.3000000e+02 9.6543747e-01 4.9128339e-03
8.3100000e+02 9.6644946e-01 4.9154081e-03
8.3200000e+02 9.6364775e-01 4.9082781e-03
8.3300000e+02 9.5954947e-01 4.8978298e-03
8.3400000e+02 9.6222773e-01 4.9046604e-03
8.3500000e+02 9.5375084e-01 4.8830084e-03
8.3600000e+02 9.5418985e-01 4.8841321e-03
8.3700000e+02 9.5176367e-01 4.8779188e-03
8.3800000e+02 9.5296166e-01 4.8809878e-03
8.3900000e+02 9.5294947e-01 4.8809566e-03
8.4000000e+02 9.4697703e-01 4.8656373e-03
8.4100000e+02 9.4781270e-01 4.8677837e-03
8.4200000e+02 9.4519304e-01 4.8610520e-03
8.4300000e+02 9.5058278e-01 4.8748918e-03
8.4400000e+02 9.5324442e-01 4.8817119e-03
8.4500000e+02 9.5017334e-01 4.8738418e-03
8.4600000e+02 9.4823690e-01 4.8688728e-03
8.4700000e+02 9.5324986e-01 4.8817258e-03
8.4800000e+02 9.5797776e-01 4.8938169e-03
8.4900000e+02 9.5713602e-01 4.8916665e-03
8.5000000e+02 9.6272132e-01 4.9059182e-03
8.5100000e+02 9.5870286e-01 4.8956687e-03
8.5200000e+02 9.5882527e-01 4.8959812e-03
8.5300000e+02 9.5936470e-01 4.8973582e-03
8.5400000e+02 9.5589212e-01 4.8884868e-03
8.5500000e+02 9.5881006e-01 4.8959424e-03
8.5600000e+02 9.5881857e-01 4.8959641e-03
8.5700000e+02 9.6104031e-01 4.9016332e-03
8.5800000e+02 9.5936221e-01 4.8973519e-03
8.5900000e+02 9.5720909e-01 4.8918532e-03
8.6000000e+02 9.5310612e-01 4.8813577e-03
8.6100000e+02 9.5307231e-01 4.8812711e-03
8.6200000e+02 9.5655876e-01 4.8901911e-03
8.6300000e+02 9.5664701e-01 4.8904167e-03
8.6400000e+02 9.5509076e-01 4.8864373e-03
8.6500000e+02 9.5974748e-01 4.8983352e-03
8.6600000e+02 9.6055862e-01 4.9004046e-03
8.6700000e+02 9.5854992e-01 4.8952782e-03
8.6800000e+02 9.6297495e-01 4.9065644e-03
8.6900000e+02 9.6434301e-01 4.9100484e-03
8.7000000e+02 9.6634043e-01 4.9151308e-03
8.7100000e+02 9.6939314e-01 4.9228883e-03
8.7200000e+02 9.6628865e-01 4.9149991e-03
8.7300000e+02 9.7254593e-01 4.9308872e-03
8.7400000e+02 9.7227285e-01 4.9301949e-03
8.7500000e+02 9.7532051e-01 4.9379158e-03
8.7600000e+02 9.7194811e-01 4.9293715e-03
8.7700000e+02 9.7242721e-01 4.9305862e-03
8.7800000e+02 9.7079200e-01 4.9264389e-03
8.7900000e+02 9.6772362e-01 4.9186472e-03
8.8000000e+02 9.6751095e-01 4.9181067e-03
8.8100000e+02 9.7015119e-01 4.9248127e-03
8.8200000e+02 9.6969275e-01 4.9236490e-03
8.8300000e+02 9.7078331e-01 4.9264169e-03
8.8400000e+02 9.7092086e-01 4.9267659e-03
8.8500000e+02 9.7452497e-01 4.9359016e-03
8.8600000e+02 9.7518250e-01 4.9375665e-03
8.8700000e+02 9.7744987e-01 4.9433033e-03
8.8800000e+02 9.7930832e-01 4.9480004e-03
8.8900000e+02 9.7701971e-01 4.9422154e-03
8.9000000e+02 9.7690386e-01 4.9419224e-03
8.9100000e+02 9.7749175e-01 4.9434091e-03
8.9200000e+02 9.7886597e-01 4.9468828e-03
8.9300000e+02 9.8066279e-01 4.9514210e-03
8.9400000e+02 9.8362147e-01 4.9588847e-03
8.9500000e+02 9.7629518e-01 4.9403826e-03
8.9600000e+02 9.7577321e-01 4.9390617e-03
8.9700000e+02 9.7976325e-01 4.9491496e-03
8.9800000e+02 9.8134110e-01 4.9531331e-03
8.9900000e+02 9.7460909e-01 4.9361146e-03
9.0000000e+02 9.6949898e-01 4.9231570e-03
9.0100000e+02 9.6500072e-01 4.9117225e-03
9.0200000e+02 9.6783453e-01 4.9189291e-03
9.0300000e+02 9.7016780e-01 4.9248549e-03
9.0400000e+02 9.7083222e-01 4.9265410e-03
9.0500000e+02 9.6811347e-01 4.9196379e-03
9.0600000e+02 9.7453258e-01 4.9359209e-03
9.0700000e+02 9.7580583e-01 4.9391443e-03
9.0800000e+02 9.7683962e-01 4.9417599e-03
9.0900000e+02 9.7531752e-01 4.9379083e-03
9.1000000e+02 9.7403274e-01 4.9346549e-03
9.1100000e+02 9.6748454e-01 4.9180396e-03
9.1200000e+02 9.6347918e-01 4.9078488e-03
9.1300000e+02 9.5547577e-01 4.8874221e-03
9.1400000e+02 9.5846724e-01 4.8950670e-03
9.1500000e+02 9.6050399e-01 4.9002653e-03
9.1600000e+02 9.6219844e-01 4.9045857e-03
9.1700000e+02 9.6682693e-01 4.9163679e-03
9.1800000e+02 9.6348632e-01 4.9078670e-03
9.1900000e+02 9.5787687e-01 4.8935592e-03
9.2000000e+02 9.5513642e-01 4.8865541e-03
9.2100000e+02 9.5902988e-01 4.8965036e-03
9.2200000e+02 9.5665615e-01 4.8904401e-03
9.2300000e+02 9.5519339e-01 4.8866998e-03
9.2400000e+02 9.5396397e-01 4.8835540e-03
9.2500000e+02 9.5537237e-01 4.8871576e-03
9.2600000e+02 9.5635395e-01 4.8896676e-03
9.2700000e+02 9.5538114e-01 4.8871800e-03
9.2800000e+02 9.5525261e-01 4.8868513e-03
9.2900000e+02 9.5351948e-01 4.8824161e-03
9.3000000e+02 9.4641017e-01 4.8641808e-03
9.3100000e+02 9.4207407e-01 4.8530250e-03
9.3200000e+02 9.4226621e-01 4.8535199e-03
9.3300000e+02 9.3586882e-01 4.8370157e-03
9.3400000e+02 9.3625484e-01 4.8380132e-03
9.3500000e+02 9.3952429e-01 4.8464531e-03
9.3600000e+02 9.4293529e-01 4.8552428e-03
9.3700000e+02 9.4040001e-01 4.8487112e-03
9.3800000e+02 9.4062480e-01 4.8492907e-03
9.3900000e+02 9.3997767e-01 4.8476223e-03
9.4000000e+02 9.4386698e-01 4.8576409e-03
9.4100000e+02 9.4849629e-01 4.8695387e-03
9.4200000e+02 9.4524795e-01 4.8611932e-03
9.4300000e+02 9.4555401e-01 4.8619801e-03
9.4400000e+02 9.5073113e-01 4.8752721e-03
9.4500000e+02 9.4917292e-01 4.8712753e-03
9.4600000e+02 9.4946994e-01 4.8720374e-03
9.4700000e+02 9.5451027e-01 4.8849521e-03
9.4800000e+02 9.5177372e-01 4.8779446e-03
9.4900000e+02 9.4732556e-01 4.8665326e-03
9.5000000e+02 9.4972149e-01 4.8726828e-03
9.5100000e+02 9.5535324e-01 4.8871087e-03
9.5200000e+02 9.5296453e-01 4.8809951e-03
9.5300000e+02 9.5262767e-01 4.8801324e-03
9.5400000e+02 9.5242312e-01 4.8796084e-03
9.5500000e+02 9.5322620e-01 4.8816652e-03
9.5600000e+02 9.5174956e-01 4.8778827e-03
9.5700000e+02 9.5372728e-01 4.8829481e-03
9.5800000e+02 9.5148063e-01 4.8771935e-03
9.5900000e+02 9.5517817e-01 4.8866609e-03
9.6000000e+02 9.6172289e-01 4.9033736e-03
9.6100000e+02 9.6180709e-01 4.9035882e-03
9.6200000e+02 9.6628716e-01 4.9149953e-03
9.6300000e+02 9.6545724e-01 4.9128842e-03
9.6400000e+02 9.6875672e-01 4.9212720e-03
9.6500000e+02 9.7341715e-01 4.9330953e-03
9.6600000e+02 9.7466081e-01 4.9362456e-03
9.6700000e+02 9.7309849e-01 4.9322878e-03
9.6800000e+02 9.7151844e-01 4.9282818e-03
9.6900000e+02 9.7391367e-01 4.9343532e-03
9.7000000e+02 9.7334572e-01 4.9329143e-03
9.7100000e+02 9.7685589e-01 4.9418010e-03
9.7200000e+02 9.7857399e-01 4.9461450e-03
9.7300000e+02 9.8282753e-01 4.9568829e-03
9.7400000e+02 9.8122077e-01 4.9528295e-03
9.7500000e+02 9.8018745e-01 4.9502209e-03
9.7600000e+02 9.7811101e-01 4.9449748e-03
9.7700000e+02 9.8273363e-01 4.9566461e-03
9.7800000e+02 9.7716466e-01 4.9425820e-03
9.7900000e+02 9.7880357e-01 4.9467251e-03
9.8000000e+02 9.8075924e-01 4.9516645e-03
9.8100000e+02 9.8032593e-01 4.9505705e-03
9.8200000e+02 9.7842303e-01 4.9457634e-03
9.8300000e+02 9.8066265e-01 4.9514207e-03
9.8400000e+02 9.7985699e-01 4.9493863e-03
9.8500000e+02 9.7542469e-01 4.9381796e-03
9.8600000e+02 9.7574688e-01 4.9389951e-03
9.8700000e+02 9.7654603e-01 4.9410172e-03
9.8800000e+02 9.7048536e-01 4.9256608e-03
9.8900000e+02 9.6859475e-01 4.9208606e-03
9.9000000e+02 9.6359262e-01 4.9081377e-03
9.9100000e+02 9.6891536e-01 4.9216749e-03
9.9200000e+02 9.7223308e-01 4.9300940e-03
9.9300000e+02 9.6749584e-01 4.9180684e-03
9.9400000e+02 9.6833053e-01 4.9201894e-03
9.9500000e+02 9.7013513e-01 4.9247719e-03
9.9600000e+02 9.7255906e-01 4.9309205e-03
9.9700000e+02 9.7119095e-01 4.9274511e-03
9.9800000e+02 9.7705742e-01 4.9423108e-03
9.9900000e+02 9.7575370e-01 4.9390123e-03
1.0000000e+03 9.7514414e-01 4.9374694e-03
