1.0000000e+00 9.6526269e-01 5.0547927e-03
2.0000000e+00 9.6464956e-01 5.0531871e-03
3.0000000e+00 9.6370347e-01 5.0507085e-03
4.0000000e+00 9.6454044e-01 5.0529013e-03
5.0000000e+00 9.6315283e-01 5.0492654e-03
6.0000000e+00 9.6237501e-01 5.0472261e-03
7.0000000e+00 9.6292476e-01 5.0486675e-03
8.0000000e+00 9.6245054e-01 5.0474242e-03
9.0000000e+00 9.6315622e-01 5.0492743e-03
1.0000000e+01 9.6289666e-01 5.0485938e-03
1.1000000e+01 9.6495309e-01 5.0539820e-03
1.2000000e+01 9.6415012e-01 5.0518788e-03
1.3000000e+01 9.6269432e-01 5.0480634e-03
1.4000000e+01 9.6352043e-01 5.0502288e-03
1.5000000e+01 9.6188598e-01 5.0459436e-03
1.6000000e+01 9.6033517e-01 5.0418743e-03
1.7000000e+01 9.5979586e-01 5.0404583e-03
1.8000000e+01 9.5948112e-01 5.0396318e-03
1.9000000e+01 9.6112584e-01 5.0439494e-03
2.0000000e+01 9.5953023e-01 5.0397608e-03
2.1000000e+01 9.6127771e-01 5.0443479e-03
2.2000000e+01 9.6245032e-01 5.0474236e-03
2.3000000e+01 9.6308256e-01 5.0490812e-03
2.4000000e+01 9.6303607e-01 5.0489593e-03
2.5000000e+01 9.6055326e-01 5.0424467e-03
2.6000000e+01 9.6018256e-01 5.0414736e-03
2.7000000e+01 9.6016780e-01 5.0414349e-03
2.8000000e+01 9.6290338e-01 5.0486115e-03
2.9000000e+01 9.6267269e-01 5.0480067e-03
3.0000000e+01 9.6202725e-01 5.0463141e-03
3.1000000e+01 9.6241023e-01 5.0473185e-03
3.2000000e+01 9.6365065e-01 5.0505701e-03
3.3000000e+01 9.6495000e-01 5.0539740e-03
3.4000000e+01 9.6418175e-01 5.0519617e-03
3.5000000e+01 9.6228963e-01 5.0470022e-03
3.6000000e+01 9.6515543e-01 5.0545119e-03
3.7000000e+01 9.6475627e-01 5.0534666e-03
3.8000000e+01 9.6551100e-01 5.0554429e-03
3.9000000e+01 9.6574270e-01 5.0560494e-03
4.0000000e+01 9.6864200e-01 5.0636332e-03
4.1000000e+01 9.6951657e-01 5.0659186e-03
4.2000000e+01 9.6750448e-01 5.0606591e-03
4.3000000e+01 9.6598814e-01 5.0566919e-03
4.4000000e+01 9.6628883e-01 5.0574788e-03
4.5000000e+01 9.6811690e-01 5.0622606e-03
4.6000000e+01 9.7038894e-01 5.0681973e-03
4.7000000e+01 9.7031025e-01 5.0679918e-03
4.8000000e+01 9.7155942e-01 5.0712530e-03
4.9000000e+01 9.7297107e-01 5.0749358e-03
5.0000000e+01 9.7614059e-01 5.0831951e-03
5.1000000e+01 9.7473369e-01 5.0795306e-03
5.2000000e+01 9.7396471e-01 5.0775266e-03
5.3000000e+01 9.7477906e-01 5.0796488e-03
5.4000000e+01 9.7610363e-01 5.0830989e-03
5.5000000e+01 9.7723389e-01 5.0860410e-03
5.6000000e+01 9.7760725e-01 5.0870124e-03
5.7000000e+01 9.7657973e-01 5.0843384e-03
5.8000000e+01 9.7696423e-01 5.0853392e-03
5.9000000e+01 9.7845388e-01 5.0892147e-03
6.0000000e+01 9.7584231e-01 5.0824184e-03
6.1000000e+01 9.7581796e-01 5.0823550e-03
6.2000000e+01 9.7659627e-01 5.0843814e-03
6.3000000e+01 9.7753228e-01 5.0868174e-03
6.4000000e+01 9.7771917e-01 5.0873036e-03
6.5000000e+01 9.7581020e-01 5.0823348e-03
6.6000000e+01 9.7661655e-01 5.0844342e-03
6.7000000e+01 9.7767628e-01 5.0871920e-03
6.8000000e+01 9.7755744e-01 5.0868829e-03
6.9000000e+01 9.7567040e-01 5.0819707e-03
7.0000000e+01 9.7455692e-01 5.0790700e-03
7.1000000e+01 9.7412427e-01 5.0779425e-03
7.2000000e+01 9.7166419e-01 5.0715264e-03
7.3000000e+01 9.7097303e-01 5.0697224e-03
7.4000000e+01 9.7063802e-01 5.0688477e-03
7.5000000e+01 9.7136280e-01 5.0707398e-03
7.6000000e+01 9.7193767e-01 5.0722401e-03
7.7000000e+01 9.7136179e-01 5.0707372e-03
7.8000000e+01 9.7161536e-01 5.0713990e-03
7.9000000e+01 9.6948997e-01 5.0658491e-03
8.0000000e+01 9.6827102e-01 5.0626635e-03
8.1000000e+01 9.6738111e-01 5.0603365e-03
8.2000000e+01 9.6656602e-01 5.0582042e-03
8.3000000e+01 9.6519035e-01 5.0546033e-03
8.4000000e+01 9.6636099e-01 5.0576677e-03
8.5000000e+01 9.6620842e-01 5.0572684e-03
8.6000000e+01 9.6579869e-01 5.0561960e-03
8.7000000e+01 9.6394646e-01 5.0513452e-03
8.8000000e+01 9.6514177e-01 5.0544761e-03
8.9000000e+01 9.6465211e-01 5.0531938e-03
9.0000000e+01 9.6559574e-01 5.0556647e-03
9.1000000e+01 9.6721530e-01 5.0599028e-03
9.2000000e+01 9.6865173e-01 5.0636587e-03
9.3000000e+01 9.6656870e-01 5.0582112e-03
9.4000000e+01 9.6777104e-01 5.0613562e-03
9.5000000e+01 9.7013043e-01 5.0675222e-03
9.6000000e+01 9.6905954e-01 5.0647245e-03
9.7000000e+01 9.6868475e-01 5.0637450e-03
9.8000000e+01 9.6621019e-01 5.0572730e-03
9.9000000e+01 9.6833680e-01 5.0628354e-03
1.0000000e+02 9.6700401e-01 5.0593501e-03
1.0100000e+02 9.6822723e-01 5.0625490e-03
1.0200000e+02 9.6844116e-01 5.0631082e-03
1.0300000e+02 9.6604677e-01 5.0568453e-03
1.0400000e+02 9.6578001e-01 5.0561471e-03
1.0500000e+02 9.6586286e-01 5.0563640e-03
1.0600000e+02 9.6520014e-01 5.0546290e-03
1.0700000e+02 9.6263606e-01 5.0479106e-03
1.0800000e+02 9.6345865e-01 5.0500669e-03
1.0900000e+02 9.6405878e-01 5.0516395e-03
1.1000000e+02 9.6408908e-01 5.0517189e-03
1.1100000e+02 9.6313552e-01 5.0492200e-03
1.1200000e+02 9.6174444e-01 5.0455723e-03
1.1300000e+02 9.6338490e-01 5.0498736e-03
1.1400000e+02 9.6371961e-01 5.0507508e-03
1.1500000e+02 9.6560403e-01 5.0556864e-03
1.1600000e+02 9.6621841e-01 5.0572945e-03
1.1700000e+02 9.6572388e-01 5.0560002e-03
1.1800000e+02 9.6579819e-01 5.0561947e-03
1.1900000e+02 9.6826169e-01 5.0626391e-03
1.2000000e+02 9.6937128e-01 5.0655390e-03
1.2100000e+02 9.6999216e-01 5.0671610e-03
1.2200000e+02 9.6752745e-01 5.0607192e-03
1.2300000e+02 9.6687238e-01 5.0590057e-03
1.2400000e+02 9.6746192e-01 5.0605478e-03
1.2500000e+02 9.6562277e-01 5.0557355e-03
1.2600000e+02 9.6594371e-01 5.0565756e-03
1.2700000e+02 9.6756757e-01 5.0608241e-03
1.2800000e+02 9.7064883e-01 5.0688759e-03
1.2900000e+02 9.7128125e-01 5.0705269e-03
1.3000000e+02 9.6984582e-01 5.0667788e-03
1.3100000e+02 9.6907771e-01 5.0647720e-03
1.3200000e+02 9.7067148e-01 5.0689351e-03
1.3300000e+02 9.7207480e-01 5.0725979e-03
1.3400000e+02 9.7236094e-01 5.0733444e-03
1.3500000e+02 9.7312639e-01 5.0753409e-03
1.3600000e+02 9.7497823e-01 5.0801677e-03
1.3700000e+02 9.7604873e-01 5.0829559e-03
1.3800000e+02 9.7604442e-01 5.0829447e-03
1.3900000e+02 9.7703838e-01 5.0855322e-03
1.4000000e+02 9.7575363e-01 5.0821875e-03
1.4100000e+02 9.7540099e-01 5.0812690e-03
1.4200000e+02 9.7729793e-01 5.0862076e-03
1.4300000e+02 9.7862582e-01 5.0896618e-03
1.4400000e+02 9.7982214e-01 5.0927718e-03
1.4500000e+02 9.7948104e-01 5.0918853e-03
1.4600000e+02 9.7828566e-01 5.0887772e-03
1.4700000e+02 9.7933034e-01 5.0914936e-03
1.4800000e+02 9.7817174e-01 5.0884809e-03
1.4900000e+02 9.7561264e-01 5.0818203e-03
1.5000000e+02 9.7632592e-01 5.0836776e-03
1.5100000e+02 9.7674134e-01 5.0847591e-03
1.5200000e+02 9.7657961e-01 5.0843381e-03
1.5300000e+02 9.7542258e-01 5.0813253e-03
1.5400000e+02 9.7736342e-01 5.0863780e-03
1.5500000e+02 9.7841429e-01 5.0891118e-03
1.5600000e+02 9.8077649e-01 5.0952514e-03
1.5700000e+02 9.8005786e-01 5.0933844e-03
1.5800000e+02 9.8113420e-01 5.0961805e-03
1.5900000e+02 9.8004252e-01 5.0933445e-03
1.6000000e+02 9.7938322e-01 5.0916310e-03
1.6100000e+02 9.7944611e-01 5.0917945e-03
1.6200000e+02 9.7897874e-01 5.0905795e-03
1.6300000e+02 9.7796247e-01 5.0879366e-03
1.6400000e+02 9.7715228e-01 5.0858286e-03
1.6500000e+02 9.7891865e-01 5.0904233e-03
1.6600000e+02 9.7917520e-01 5.0910902e-03
1.6700000e+02 9.8011550e-01 5.0935341e-03
1.6800000e+02 9.7770549e-01 5.0872680e-03
1.6900000e+02 9.7581703e-01 5.0823526e-03
1.7000000e+02 9.7621884e-01 5.0833988e-03
1.7100000e+02 9.7776071e-01 5.0874117e-03
1.7200000e+02 9.7868112e-01 5.0898056e-03
1.7300000e+02 9.7974084e-01 5.0925605e-03
1.7400000e+02 9.8091201e-01 5.0956034e-03
1.7500000e+02 9.8013605e-01 5.0935876e-03
1.7600000e+02 9.7999469e-01 5.0932202e-03
1.7700000e+02 9.7785332e-01 5.0876526e-03
1.7800000e+02 9.7688884e-01 5.0851430e-03
1.7900000e+02 9.7744620e-01 5.0865934e-03
1.8000000e+02 9.7694020e-01 5.0852767e-03
1.8100000e+02 9.7793577e-01 5.0878671e-03
1.8200000e+02 9.7969732e-01 5.0924474e-03
1.8300000e+02 9.7749928e-01 5.0867315e-03
1.8400000e+02 9.7695437e-01 5.0853135e-03
1.8500000e+02 9.7515397e-01 5.0806256e-03
1.8600000e+02 9.7326903e-01 5.0757128e-03
1.8700000e+02 9.7318582e-01 5.0754959e-03
1.8800000e+02 9.7420081e-01 5.0781420e-03
1.8900000e+02 9.7540712e-01 5.0812850e-03
1.9000000e+02 9.7464240e-01 5.0792927e-03
1.9100000e+02 9.7374746e-01 5.0769602e-03
1.9200000e+02 9.7315281e-01 5.0754098e-03
1.9300000e+02 9.7305802e-01 5.0751626e-03
1.9400000e+02 9.7399748e-01 5.0776120e-03
1.9500000e+02 9.7756440e-01 5.0869010e-03
1.9600000e+02 9.7726604e-01 5.0861246e-03
1.9700000e+02 9.7728293e-01 5.0861686e-03
1.9800000e+02 9.7953591e-01 5.0920279e-03
1.9900000e+02 9.7815233e-01 5.0884304e-03
2.0000000e+02 9.7956318e-01 5.0920988e-03
2.0100000e+02 9.7835631e-01 5.0889610e-03
2.0200000e+02 9.7750046e-01 5.0867346e-03
2.0300000e+02 9.7539993e-01 5.0812663e-03
2.0400000e+02 9.7575502e-01 5.0821911e-03
2.0500000e+02 9.7874994e-01 5.0899846e-03
2.0600000e+02 9.8028479e-01 5.0939740e-03
2.0700000e+02 9.7974239e-01 5.0925645e-03
2.0800000e+02 9.8109514e-01 5.0960790e-03
2.0900000e+02 9.8079311e-01 5.0952946e-03
2.1000000e+02 9.8262946e-01 5.1000623e-03
2.1100000e+02 9.8258638e-01 5.0999505e-03
2.1200000e+02 9.8299239e-01 5.1010041e-03
2.1300000e+02 9.8597154e-01 5.1087280e-03
2.1400000e+02 9.8425608e-01 5.1042818e-03
2.1500000e+02 9.8094367e-01 5.0956856e-03
2.1600000e+02 9.7806319e-01 5.0881986e-03
2.1700000e+02 9.7798311e-01 5.0879903e-03
2.1800000e+02 9.7836622e-01 5.0889867e-03
2.1900000e+02 9.8019033e-01 5.0937286e-03
2.2000000e+02 9.7945949e-01 5.0918293e-03
2.2100000e+02 9.7817948e-01 5.0885010e-03
2.2200000e+02 9.7938170e-01 5.0916271e-03
2.2300000e+02 9.7948427e-01 5.0918937e-03
2.2400000e+02 9.7651961e-01 5.0841819e-03
2.2500000e+02 9.7553772e-01 5.0816251e-03
2.2600000e+02 9.7577721e-01 5.0822489e-03
2.2700000e+02 9.7635145e-01 5.0837441e-03
2.2800000e+02 9.7473151e-01 5.0795249e-03
2.2900000e+02 9.7604757e-01 5.0829529e-03
2.3000000e+02 9.7598261e-01 5.0827838e-03
2.3100000e+02 9.7525082e-01 5.0808779e-03
2.3200000e+02 9.7432874e-01 5.0784754e-03
2.3300000e+02 9.7232655e-01 5.0732547e-03
2.3400000e+02 9.7533457e-01 5.0810960e-03
2.3500000e+02 9.7545102e-01 5.0813993e-03
2.3600000e+02 9.7506244e-01 5.0803871e-03
2.3700000e+02 9.7733505e-01 5.0863042e-03
2.3800000e+02 9.7800714e-01 5.0880528e-03
2.3900000e+02 9.7639008e-01 5.0838447e-03
2.4000000e+02 9.7573340e-01 5.0821348e-03
2.4100000e+02 9.7679717e-01 5.0849044e-03
2.4200000e+02 9.7865159e-01 5.0897289e-03
2.4300000e+02 9.7954350e-01 5.0920476e-03
2.4400000e+02 9.7796719e-01 5.0879488e-03
2.4500000e+02 9.7624850e-01 5.0834761e-03
2.4600000e+02 9.7723214e-01 5.0860364e-03
2.4700000e+02 9.7622702e-01 5.0834201e-03
2.4800000e+02 9.7628682e-01 5.0835758e-03
2.4900000e+02 9.7692555e-01 5.0852385e-03
2.5000000e+02 9.7812322e-01 5.0883547e-03
2.5100000e+02 9.7879344e-01 5.0900977e-03
2.5200000e+02 9.8010904e-01 5.0935173e-03
2.5300000e+02 9.8045938e-01 5.0944276e-03
2.5400000e+02 9.7957792e-01 5.0921371e-03
2.5500000e+02 9.8072930e-01 5.0951288e-03
2.5600000e+02 9.8197478e-01 5.0983631e-03
2.5700000e+02 9.8314960e-01 5.1014120e-03
2.5800000e+02 9.8433861e-01 5.1044958e-03
2.5900000e+02 9.8496479e-01 5.1061192e-03
2.6000000e+02 9.8686381e-01 5.1110391e-03
2.6100000e+02 9.8938829e-01 5.1175722e-03
2.6200000e+02 9.8944638e-01 5.1177224e-03
2.6300000e+02 9.8858185e-01 5.1154861e-03
2.6400000e+02 9.8951450e-01 5.1178986e-03
2.6500000e+02 9.8890843e-01 5.1163310e-03
2.6600000e+02 9.8952123e-01 5.1179160e-03
2.6700000e+02 9.8762574e-01 5.1130118e-03
2.6800000e+02 9.8627679e-01 5.1095188e-03
2.6900000e+02 9.8461107e-01 5.1052022e-03
2.7000000e+02 9.8293422e-01 5.1008532e-03
2.7100000e+02 9.8274066e-01 5.1003509e-03
2.7200000e+02 9.8156485e-01 5.0972988e-03
2.7300000e+02 9.8086118e-01 5.0954714e-03
2.7400000e+02 9.8073141e-01 5.0951343e-03
2.7500000e+02 9.8213027e-01 5.0987667e-03
2.7600000e+02 9.7983391e-01 5.0928024e-03
2.7700000e+02 9.7967107e-01 5.0923792e-03
2.7800000e+02 9.7941594e-01 5.0917160e-03
2.7900000e+02 9.8007257e-01 5.0934226e-03
2.8000000e+02 9.7959984e-01 5.0921941e-03
2.8100000e+02 9.7661629e-01 5.0844336e-03
2.8200000e+02 9.7523000e-01 5.0808236e-03
2.8300000e+02 9.7229025e-01 5.0731600e-03
2.8400000e+02 9.7330237e-01 5.0757998e-03
2.8500000e+02 9.7093761e-01 5.0696299e-03
2.8600000e+02 9.7226145e-01 5.0730849e-03
2.8700000e+02 9.7343184e-01 5.0761374e-03
2.8800000e+02 9.7456499e-01 5.0790910e-03
2.8900000e+02 9.7623752e-01 5.0834475e-03
2.9000000e+02 9.7550569e-01 5.0815417e-03
2.9100000e+02 9.7630846e-01 5.0836322e-03
2.9200000e+02 9.7535108e-01 5.0811390e-03
2.9300000e+02 9.7550757e-01 5.0815466e-03
2.9400000e+02 9.7650962e-01 5.0841559e-03
2.9500000e+02 9.7316126e-01 5.0754318e-03
2.9600000e+02 9.7367297e-01 5.0767660e-03
2.9700000e+02 9.7357615e-01 5.0765136e-03
2.9800000e+02 9.7455422e-01 5.0790630e-03
2.9900000e+02 9.7417124e-01 5.0780649e-03
3.0000000e+02 9.7677074e-01 5.0848356e-03
3.0100000e+02 9.7757510e-01 5.0869288e-03
3.0200000e+02 9.7750469e-01 5.0867456e-03
3.0300000e+02 9.7653701e-01 5.0842272e-03
3.0400000e+02 9.7823555e-01 5.0886469e-03
3.0500000e+02 9.7727550e-01 5.0861492e-03
3.0600000e+02 9.7617765e-01 5.0832916e-03
3.0700000e+02 9.7531189e-01 5.0810369e-03
3.0800000e+02 9.7581106e-01 5.0823370e-03
3.0900000e+02 9.7480521e-01 5.0797170e-03
3.1000000e+02 9.7645453e-01 5.0840124e-03
3.1100000e+02 9.7486259e-01 5.0798665e-03
3.1200000e+02 9.7697953e-01 5.0853790e-03
3.1300000e+02 9.7485035e-01 5.0798346e-03
3.1400000e+02 9.7354175e-01 5.0764239e-03
3.1500000e+02 9.7331640e-01 5.0758364e-03
3.1600000e+02 9.7460101e-01 5.0791849e-03
3.1700000e+02 9.7427790e-01 5.0783429e-03
3.1800000e+02 9.7358594e-01 5.0765391e-03
3.1900000e+02 9.7376718e-01 5.0770116e-03
3.2000000e+02 9.7374651e-01 5.0769578e-03
3.2100000e+02 9.7433937e-01 5.0785031e-03
3.2200000e+02 9.7456282e-01 5.0790854e-03
3.2300000e+02 9.7243995e-01 5.0735505e-03
3.2400000e+02 9.7424924e-01 5.0782682e-03
3.2500000e+02 9.7213211e-01 5.0727474e-03
3.2600000e+02 9.7223931e-01 5.0730271e-03
3.2700000e+02 9.7257422e-01 5.0739008e-03
3.2800000e+02 9.7322037e-01 5.0755860e-03
3.2900000e+02 9.7358921e-01 5.0765477e-03
3.3000000e+02 9.7366534e-01 5.0767462e-03
3.3100000e+02 9.7293881e-01 5.0748517e-03
3.3200000e+02 9.7425115e-01 5.0782731e-03
3.3300000e+02 9.7441224e-01 5.0786930e-03
3.3400000e+02 9.7491390e-01 5.0800001e-03
3.3500000e+02 9.7725139e-01 5.0860865e-03
3.3600000e+02 9.7811544e-01 5.0883345e-03
3.3700000e+02 9.7708246e-01 5.0856469e-03
3.3800000e+02 9.7624039e-01 5.0834549e-03
3.3900000e+02 9.7682371e-01 5.0849734e-03
3.4000000e+02 9.7778939e-01 5.0874863e-03
3.4100000e+02 9.7745855e-01 5.0866255e-03
3.4200000e+02 9.7883499e-01 5.0902057e-03
3.4300000e+02 9.7860874e-01 5.0896174e-03
3.4400000e+02 9.8209364e-01 5.0986716e-03
3.4500000e+02 9.8284277e-01 5.1006159e-03
3.4600000e+02 9.8338347e-01 5.1020187e-03
3.4700000e+02 9.8512034e-01 5.1065223e-03
3.4800000e+02 9.8481062e-01 5.1057195e-03
3.4900000e+02 9.8251223e-01 5.0997581e-03
3.5000000e+02 9.8299440e-01 5.1010093e-03
3.5100000e+02 9.8314074e-01 5.1013890e-03
3.5200000e+02 9.8320385e-01 5.1015527e-03
3.5300000e+02 9.8094587e-01 5.0956913e-03
3.5400000e+02 9.7839963e-01 5.0890736e-03
3.5500000e+02 9.7858068e-01 5.0895444e-03
3.5600000e+02 9.7649111e-01 5.0841077e-03
3.5700000e+02 9.7751002e-01 5.0867595e-03
3.5800000e+02 9.7748156e-01 5.0866854e-03
3.5900000e+02 9.7812002e-01 5.0883464e-03
3.6000000e+02 9.7622907e-01 5.0834255e-03
3.6100000e+02 9.7774720e-01 5.0873765e-03
3.6200000e+02 9.7734797e-01 5.0863378e-03
3.6300000e+02 9.7537551e-01 5.0812027e-03
3.6400000e+02 9.7488231e-01 5.0799178e-03
3.6500000e+02 9.7386688e-01 5.0772716e-03
3.6600000e+02 9.7560649e-01 5.0818043e-03
3.6700000e+02 9.7376439e-01 5.0770044e-03
3.6800000e+02 9.7401256e-01 5.0776513e-03
3.6900000e+02 9.7387988e-01 5.0773054e-03
3.7000000e+02 9.7193658e-01 5.0722372e-03
3.7100000e+02 9.7184978e-01 5.0720107e-03
3.7200000e+02 9.7341148e-01 5.0760843e-03
3.7300000e+02 9.7398125e-01 5.0775697e-03
3.7400000e+02 9.7492702e-01 5.0800343e-03
3.7500000e+02 9.7693680e-01 5.0852678e-03
3.7600000e+02 9.7838732e-01 5.0890416e-03
3.7700000e+02 9.8072170e-01 5.0951091e-03
3.7800000e+02 9.8081849e-01 5.0953605e-03
3.7900000e+02 9.8273165e-01 5.1003275e-03
3.8000000e+02 9.8294964e-01 5.1008932e-03
3.8100000e+02 9.8255001e-01 5.0998561e-03
3.8200000e+02 9.8430890e-01 5.1044188e-03
3.8300000e+02 9.8275314e-01 5.1003833e-03
3.8400000e+02 9.8194253e-01 5.0982794e-03
3.8500000e+02 9.8247387e-01 5.0996585e-03
3.8600000e+02 9.8118889e-01 5.0963225e-03
3.8700000e+02 9.8231285e-01 5.0992406e-03
3.8800000e+02 9.8058311e-01 5.0947491e-03
3.8900000e+02 9.8160605e-01 5.0974058e-03
3.9000000e+02 9.8032851e-01 5.0940876e-03
3.9100000e+02 9.8042286e-01 5.0943327e-03
3.9200000e+02 9.7953681e-01 5.0920302e-03
3.9300000e+02 9.7745839e-01 5.0866251e-03
3.9400000e+02 9.7505357e-01 5.0803640e-03
3.9500000e+02 9.7557669e-01 5.0817267e-03
3.9600000e+02 9.7620231e-01 5.0833558e-03
3.9700000e+02 9.7452525e-01 5.0789875e-03
3.9800000e+02 9.7295480e-01 5.0748934e-03
3.9900000e+02 9.7229343e-01 5.0731683e-03
4.0000000e+02 9.7097890e-01 5.0697377e-03
4.0100000e+02 9.7144467e-01 5.0709535e-03
4.0200000e+02 9.7051911e-01 5.0685372e-03
4.0300000e+02 9.7086625e-01 5.0694436e-03
4.0400000e+02 9.7091593e-01 5.0695733e-03
4.0500000e+02 9.7264030e-01 5.0740732e-03
4.0600000e+02 9.7430158e-01 5.0784046e-03
4.0700000e+02 9.7179035e-01 5.0718556e-03
4.0800000e+02 9.7238334e-01 5.0734028e-03
4.0900000e+02 9.7329247e-01 5.0757740e-03
4.1000000e+02 9.7400427e-01 5.0776297e-03
4.1100000e+02 9.7499453e-01 5.0802102e-03
4.1200000e+02 9.7500345e-01 5.0802334e-03
4.1300000e+02 9.7416492e-01 5.0780484e-03
4.1400000e+02 9.7635335e-01 5.0837490e-03
4.1500000e+02 9.7522318e-01 5.0808059e-03
4.1600000e+02 9.7629390e-01 5.0835943e-03
4.1700000e+02 9.7533445e-01 5.0810957e-03
4.1800000e+02 9.7596974e-01 5.0827502e-03
4.1900000e+02 9.7482583e-01 5.0797707e-03
4.2000000e+02 9.7633042e-01 5.0836893e-03
4.2100000e+02 9.7726455e-01 5.0861207e-03
4.2200000e+02 9.7578066e-01 5.0822579e-03
4.2300000e+02 9.7406932e-01 5.0777992e-03
4.2400000e+02 9.7343428e-01 5.0761437e-03
4.2500000e+02 9.7172007e-01 5.0716723e-03
4.2600000e+02 9.7085147e-01 5.0694050e-03
4.2700000e+02 9.7044864e-01 5.0683532e-03
4.2800000e+02 9.6837906e-01 5.0629459e-03
4.2900000e+02 9.7028442e-01 5.0679243e-03
4.3000000e+02 9.6993536e-01 5.0670127e-03
4.3100000e+02 9.7042513e-01 5.0682918e-03
4.3200000e+02 9.7108307e-01 5.0700096e-03
4.3300000e+02 9.7074247e-01 5.0691204e-03
4.3400000e+02 9.7138431e-01 5.0707960e-03
4.3500000e+02 9.7127843e-01 5.0705196e-03
4.3600000e+02 9.7137094e-01 5.0707611e-03
4.3700000e+02 9.6929697e-01 5.0653449e-03
4.3800000e+02 9.7013498e-01 5.0675340e-03
4.3900000e+02 9.6960785e-01 5.0661571e-03
4.4000000e+02 9.7094428e-01 5.0696473e-03
4.4100000e+02 9.7110324e-01 5.0700623e-03
4.4200000e+02 9.7102116e-01 5.0698480e-03
4.4300000e+02 9.7379327e-01 5.0770797e-03
4.4400000e+02 9.7638358e-01 5.0838277e-03
4.4500000e+02 9.7604058e-01 5.0829347e-03
4.4600000e+02 9.7576790e-01 5.0822246e-03
4.4700000e+02 9.7776092e-01 5.0874122e-03
4.4800000e+02 9.7780478e-01 5.0875263e-03
4.4900000e+02 9.7980320e-01 5.0927226e-03
4.5000000e+02 9.7803196e-01 5.0881173e-03
4.5100000e+02 9.7830001e-01 5.0888145e-03
4.5200000e+02 9.7678674e-01 5.0848772e-03
4.5300000e+02 9.7726061e-01 5.0861105e-03
4.5400000e+02 9.7913905e-01 5.0909963e-03
4.5500000e+02 9.7876255e-01 5.0900174e-03
4.5600000e+02 9.8023745e-01 5.0938510e-03
4.5700000e+02 9.7803062e-01 5.0881138e-03
4.5800000e+02 9.7636367e-01 5.0837759e-03
4.5900000e+02 9.7681529e-01 5.0849515e-03
4.6000000e+02 9.7509468e-01 5.0804711e-03
4.6100000e+02 9.7425959e-01 5.0782951e-03
4.6200000e+02 9.7384485e-01 5.0772141e-03
4.6300000e+02 9.7406761e-01 5.0777948e-03
4.6400000e+02 9.7244148e-01 5.0735545e-03
4.6500000e+02 9.7392149e-01 5.0774139e-03
4.6600000e+02 9.7338031e-01 5.0760030e-03
4.6700000e+02 9.7410184e-01 5.0778840e-03
4.6800000e+02 9.7476667e-01 5.0796165e-03
4.6900000e+02 9.7349846e-01 5.0763111e-03
4.7000000e+02 9.7363918e-01 5.0766780e-03
4.7100000e+02 9.7309223e-01 5.0752518e-03
4.7200000e+02 9.7028562e-01 5.0679275e-03
4.7300000e+02 9.7132251e-01 5.0706346e-03
4.7400000e+02 9.7306313e-01 5.0751759e-03
4.7500000e+02 9.7424736e-01 5.0782633e-03
4.7600000e+02 9.7458393e-01 5.0791404e-03
4.7700000e+02 9.7266288e-01 5.0741320e-03
4.7800000e+02 9.7162964e-01 5.0714362e-03
4.7900000e+02 9.7088605e-01 5.0694953e-03
4.8000000e+02 9.7071884e-01 5.0690587e-03
4.8100000e+02 9.7078424e-01 5.0692295e-03
4.8200000e+02 9.7020340e-01 5.0677127e-03
4.8300000e+02 9.7161462e-01 5.0713971e-03
4.8400000e+02 9.7179073e-01 5.0718566e-03
4.8500000e+02 9.7209609e-01 5.0726534e-03
4.8600000e+02 9.7229924e-01 5.0731834e-03
4.8700000e+02 9.7257042e-01 5.0738909e-03
4.8800000e+02 9.7210637e-01 5.0726803e-03
4.8900000e+02 9.7085490e-01 5.0694140e-03
4.9000000e+02 9.7244216e-01 5.0735563e-03
4.9100000e+02 9.7363077e-01 5.0766560e-03
4.9200000e+02 9.7105746e-01 5.0699428e-03
4.9300000e+02 9.7189300e-01 5.0721235e-03
4.9400000e+02 9.7061786e-01 5.0687951e-03
4.9500000e+02 9.7106898e-01 5.0699728e-03
4.9600000e+02 9.7080146e-01 5.0692744e-03
4.9700000e+02 9.7109017e-01 5.0700282e-03
4.9800000e+02 9.7250042e-01 5.0737083e-03
4.9900000e+02 9.7265341e-01 5.0741073e-03
5.0000000e+02 9.7147716e-01 5.0710383e-03
5.0100000e+02 9.7212674e-01 5.0727334e-03
5.0200000e+02 9.6976069e-01 5.0665564e-03
5.0300000e+02 9.6915549e-01 5.0649752e-03
5.0400000e+02 9.6872492e-01 5.0638499e-03
5.0500000e+02 9.6961588e-01 5.0661781e-03
5.0600000e+02 9.6721468e-01 5.0599012e-03
5.0700000e+02 9.6727072e-01 5.0600477e-03
5.0800000e+02 9.6530506e-01 5.0549037e-03
5.0900000e+02 9.6590516e-01 5.0564747e-03
5.1000000e+02 9.6511885e-01 5.0544161e-03
5.1100000e+02 9.6630124e-01 5.0575113e-03
5.1200000e+02 9.6809842e-01 5.0622122e-03
5.1300000e+02 9.6676006e-01 5.0587119e-03
5.1400000e+02 9.6608916e-01 5.0569563e-03
5.1500000e+02 9.6591947e-01 5.0565121e-03
5.1600000e+02 9.6725856e-01 5.0600159e-03
5.1700000e+02 9.6633643e-01 5.0576034e-03
5.1800000e+02 9.6520748e-01 5.0546482e-03
5.1900000e+02 9.6633925e-01 5.0576108e-03
5.2000000e+02 9.6592394e-01 5.0565238e-03
5.2100000e+02 9.6401974e-01 5.0515372e-03
5.2200000e+02 9.6333943e-01 5.0497545e-03
5.2300000e+02 9.6295862e-01 5.0487563e-03
5.2400000e+02 9.6331899e-01 5.0497009e-03
5.2500000e+02 9.6281192e-01 5.0483717e-03
5.2600000e+02 9.6344490e-01 5.0500309e-03
5.2700000e+02 9.6165313e-01 5.0453328e-03
5.2800000e+02 9.5900094e-01 5.0383706e-03
5.2900000e+02 9.5994898e-01 5.0408604e-03
5.3000000e+02 9.6022828e-01 5.0415937e-03
5.3100000e+02 9.6023420e-01 5.0416092e-03
5.3200000e+02 9.6090754e-01 5.0433765e-03
5.3300000e+02 9.5878115e-01 5.0377932e-03
5.3400000e+02 9.6133405e-01 5.0444957e-03
5.3500000e+02 9.6402585e-01 5.0515532e-03
5.3600000e+02 9.6320638e-01 5.0494057e-03
5.3700000e+02 9.6492890e-01 5.0539187e-03
5.3800000e+02 9.6394038e-01 5.0513293e-03
5.3900000e+02 9.6731339e-01 5.0601593e-03
5.4000000e+02 9.6880850e-01 5.0640684e-03
5.4100000e+02 9.6860093e-01 5.0635259e-03
5.4200000e+02 9.6913908e-01 5.0649323e-03
5.4300000e+02 9.6803025e-01 5.0620340e-03
5.4400000e+02 9.6864910e-01 5.0636518e-03
5.4500000e+02 9.6846413e-01 5.0631683e-03
5.4600000e+02 9.6861804e-01 5.0635706e-03
5.4700000e+02 9.6786874e-01 5.0616117e-03
5.4800000e+02 9.6843865e-01 5.0631017e-03
5.4900000e+02 9.7215189e-01 5.0727990e-03
5.5000000e+02 9.7136548e-01 5.0707468e-03
5.5100000e+02 9.7416232e-01 5.0780416e-03
5.5200000e+02 9.7318261e-01 5.0754875e-03
5.5300000e+02 9.7129487e-01 5.0705625e-03
5.5400000e+02 9.7430664e-01 5.0784178e-03
5.5500000e+02 9.7423966e-01 5.0782432e-03
5.5600000e+02 9.7205570e-01 5.0725480e-03
5.5700000e+02 9.7471347e-01 5.0794779e-03
5.5800000e+02 9.7512306e-01 5.0805451e-03
5.5900000e+02 9.7639652e-01 5.0838614e-03
5.6000000e+02 9.7648807e-01 5.0840998e-03
5.6100000e+02 9.7834826e-01 5.0889400e-03
5.6200000e+02 9.7788160e-01 5.0877262e-03
5.6300000e+02 9.7742680e-01 5.0865429e-03
5.6400000e+02 9.7896005e-01 5.0905309e-03
5.6500000e+02 9.7908786e-01 5.0908632e-03
5.6600000e+02 9.7872309e-01 5.0899148e-03
5.6700000e+02 9.8022559e-01 5.0938202e-03
5.6800000e+02 9.7964505e-01 5.0923116e-03
5.6900000e+02 9.7828817e-01 5.0887837e-03
5.7000000e+02 9.7759309e-01 5.0869756e-03
5.7100000e+02 9.7731978e-01 5.0862645e-03
5.7200000e+02 9.7730482e-01 5.0862255e-03
5.7300000e+02 9.8024095e-01 5.0938601e-03
5.7400000e+02 9.7981791e-01 5.0927608e-03
5.7500000e+02 9.7849661e-01 5.0893258e-03
5.7600000e+02 9.7813658e-01 5.0883895e-03
5.7700000e+02 9.7789985e-01 5.0877737e-03
5.7800000e+02 9.7856161e-01 5.0894949e-03
5.7900000e+02 9.7983235e-01 5.0927983e-03
5.8000000e+02 9.7978475e-01 5.0926746e-03
5.8100000e+02 9.7838533e-01 5.0890364e-03
5.8200000e+02 9.7696917e-01 5.0853520e-03
5.8300000e+02 9.7731020e-01 5.0862395e-03
5.8400000e+02 9.7719379e-01 5.0859366e-03
5.8500000e+02 9.7603211e-01 5.0829126e-03
5.8600000e+02 9.7445998e-01 5.0788174e-03
5.8700000e+02 9.7191326e-01 5.0721764e-03
5.8800000e+02 9.7245823e-01 5.0735982e-03
5.8900000e+02 9.7246160e-01 5.0736070e-03
5.9000000e+02 9.7425944e-01 5.0782948e-03
5.9100000e+02 9.7404415e-01 5.0777336e-03
5.9200000e+02 9.7236834e-01 5.0733637e-03
5.9300000e+02 9.7119253e-01 5.0702954e-03
5.9400000e+02 9.7104587e-01 5.0699125e-03
5.9500000e+02 9.6896219e-01 5.0644701e-03
5.9600000e+02 9.6955418e-01 5.0660169e-03
5.9700000e+02 9.6878330e-01 5.0640026e-03
5.9800000e+02 9.6864784e-01 5.0636485e-03
5.9900000e+02 9.6618821e-01 5.0572155e-03
6.0000000e+02 9.6485775e-01 5.0537324e-03
6.0100000e+02 9.6395752e-01 5.0513742e-03
6.0200000e+02 9.6191810e-01 5.0460278e-03
6.0300000e+02 9.6032879e-01 5.0418575e-03
6.0400000e+02 9.6208900e-01 5.0464761e-03
6.0500000e+02 9.6358060e-01 5.0503865e-03
6.0600000e+02 9.6168160e-01 5.0454075e-03
6.0700000e+02 9.6246138e-01 5.0474526e-03
6.0800000e+02 9.6364986e-01 5.0505680e-03
6.0900000e+02 9.6369283e-01 5.0506806e-03
6.1000000e+02 9.6386641e-01 5.0511355e-03
6.1100000e+02 9.6427436e-01 5.0522043e-03
6.1200000e+02 9.6431922e-01 5.0523218e-03
6.1300000e+02 9.6437186e-01 5.0524597e-03
6.1400000e+02 9.6555373e-01 5.0555547e-03
6.1500000e+02 9.6544343e-01 5.0552660e-03
6.1600000e+02 9.6707190e-01 5.0595277e-03
6.1700000e+02 9.6530155e-01 5.0548945e-03
6.1800000e+02 9.6555707e-01 5.0555635e-03
6.1900000e+02 9.6598518e-01 5.0566841e-03
6.2000000e+02 9.6490656e-01 5.0538602e-03
6.2100000e+02 9.6432627e-01 5.0523403e-03
6.2200000e+02 9.6293003e-01 5.0486813e-03
6.2300000e+02 9.6563871e-01 5.0557772e-03
6.2400000e+02 9.6719478e-01 5.0598491e-03
6.2500000e+02 9.6759530e-01 5.0608966e-03
6.2600000e+02 9.6692825e-01 5.0591519e-03
6.2700000e+02 9.6721385e-01 5.0598990e-03
6.2800000e+02 9.6726780e-01 5.0600401e-03
6.2900000e+02 9.6716964e-01 5.0597833e-03
6.3000000e+02 9.6651917e-01 5.0580816e-03
6.3100000e+02 9.6642337e-01 5.0578309e-03
6.3200000e+02 9.6679939e-01 5.0588148e-03
6.3300000e+02 9.6622357e-01 5.0573080e-03
6.3400000e+02 9.6776693e-01 5.0613455e-03
6.3500000e+02 9.6950367e-01 5.0658849e-03
6.3600000e+02 9.7188818e-01 5.0721109e-03
6.3700000e+02 9.7081303e-01 5.0693046e-03
6.3800000e+02 9.7113629e-01 5.0701486e-03
6.3900000e+02 9.7261831e-01 5.0740158e-03
6.4000000e+02 9.7388593e-01 5.0773212e-03
6.4100000e+02 9.7539262e-01 5.0812472e-03
6.4200000e+02 9.7458399e-01 5.0791405e-03
6.4300000e+02 9.7515814e-01 5.0806364e-03
6.4400000e+02 9.7491645e-01 5.0800068e-03
6.4500000e+02 9.7566115e-01 5.0819466e-03
6.4600000e+02 9.7628648e-01 5.0835750e-03
6.4700000e+02 9.7665836e-01 5.0845431e-03
6.4800000e+02 9.7420501e-01 5.0781529e-03
6.4900000e+02 9.7496778e-01 5.0801405e-03
6.5000000e+02 9.7496263e-01 5.0801271e-03
6.5100000e+02 9.7383316e-01 5.0771836e-03
6.5200000e+02 9.7510363e-01 5.0804944e-03
6.5300000e+02 9.7787396e-01 5.0877063e-03
6.5400000e+02 9.7676579e-01 5.0848227e-03
6.5500000e+02 9.7398674e-01 5.0775840e-03
6.5600000e+02 9.7407575e-01 5.0778160e-03
6.5700000e+02 9.7360593e-01 5.0765913e-03
6.5800000e+02 9.7560966e-01 5.0818125e-03
6.5900000e+02 9.7551402e-01 5.0815634e-03
6.6000000e+02 9.7441835e-01 5.0787089e-03
6.6100000e+02 9.7583656e-01 5.0824034e-03
6.6200000e+02 9.7697072e-01 5.0853561e-03
6.6300000e+02 9.7594415e-01 5.0826836e-03
6.6400000e+02 9.7450662e-01 5.0789389e-03
6.6500000e+02 9.7347544e-01 5.0762510e-03
6.6600000e+02 9.7330785e-01 5.0758141e-03
6.6700000e+02 9.7370903e-01 5.0768601e-03
6.6800000e+02 9.7321875e-01 5.0755818e-03
6.6900000e+02 9.7238636e-01 5.0734107e-03
6.7000000e+02 9.7252840e-01 5.0737813e-03
6.7100000e+02 9.7029340e-01 5.0679478e-03
6.7200000e+02 9.7062857e-01 5.0688230e-03
6.7300000e+02 9.6948649e-01 5.0658400e-03
6.7400000e+02 9.6956017e-01 5.0660326e-03
6.7500000e+02 9.7059922e-01 5.0687464e-03
6.7600000e+02 9.6919428e-01 5.0650766e-03
6.7700000e+02 9.6793104e-01 5.0617746e-03
6.7800000e+02 9.6885161e-01 5.0641811e-03
6.7900000e+02 9.6937495e-01 5.0655486e-03
6.8000000e+02 9.6980468e-01 5.0666713e-03
6.8100000e+02 9.7124140e-01 5.0704229e-03
6.8200000e+02 9.7145242e-01 5.0709737e-03
6.8300000e+02 9.7392814e-01 5.0774312e-03
6.8400000e+02 9.7311948e-01 5.0753229e-03
6.8500000e+02 9.7250373e-01 5.0737169e-03
6.8600000e+02 9.7300205e-01 5.0750166e-03
6.8700000e+02 9.7374885e-01 5.0769639e-03
6.8800000e+02 9.7465928e-01 5.0793367e-03
6.8900000e+02 9.7444859e-01 5.0787877e-03
6.9000000e+02 9.7506114e-01 5.0803837e-03
6.9100000e+02 9.7280159e-01 5.0744938e-03
6.9200000e+02 9.7061036e-01 5.0687755e-03
6.9300000e+02 9.7255008e-01 5.0738378e-03
6.9400000e+02 9.7121379e-01 5.0703509e-03
6.9500000e+02 9.7105949e-01 5.0699481e-03
6.9600000e+02 9.7278339e-01 5.0744464e-03
6.9700000e+02 9.7366141e-01 5.0767359e-03
6.9800000e+02 9.7235795e-01 5.0733366e-03
6.9900000e+02 9.7084726e-01 5.0693940e-03
7.0000000e+02 9.7279347e-01 5.0744726e-03
7.0100000e+02 9.7328712e-01 5.0757600e-03
7.0200000e+02 9.7017889e-01 5.0676487e-03
7.0300000e+02 9.6925917e-01 5.0652461e-03
7.0400000e+02 9.7077972e-01 5.0692177e-03
7.0500000e+02 9.7115416e-01 5.0701952e-03
7.0600000e+02 9.6895384e-01 5.0644482e-03
7.0700000e+02 9.7080901e-01 5.0692942e-03
7.0800000e+02 9.7104866e-01 5.0699198e-03
7.0900000e+02 9.7135435e-01 5.0707177e-03
7.1000000e+02 9.7163189e-01 5.0714421e-03
7.1100000e+02 9.7396576e-01 5.0775293e-03
7.1200000e+02 9.7362678e-01 5.0766456e-03
7.1300000e+02 9.7453057e-01 5.0790013e-03
7.1400000e+02 9.7548556e-01 5.0814893e-03
7.1500000e+02 9.7364700e-01 5.0766983e-03
7.1600000e+02 9.7309801e-01 5.0752669e-03
7.1700000e+02 9.7222251e-01 5.0729833e-03
7.1800000e+02 9.7205527e-01 5.0725469e-03
7.1900000e+02 9.7048690e-01 5.0684531e-03
7.2000000e+02 9.7159317e-01 5.0713411e-03
7.2100000e+02 9.7252729e-01 5.0737783e-03
7.2200000e+02 9.7264080e-01 5.0740744e-03
7.2300000e+02 9.7419795e-01 5.0781345e-03
7.2400000e+02 9.7694365e-01 5.0852856e-03
7.2500000e+02 9.7800393e-01 5.0880444e-03
7.2600000e+02 9.7921765e-01 5.0912006e-03
7.2700000e+02 9.7781655e-01 5.0875570e-03
7.2800000e+02 9.7844057e-01 5.0891801e-03
7.2900000e+02 9.7829462e-01 5.0888005e-03
7.3000000e+02 9.7820226e-01 5.0885603e-03
7.3100000e+02 9.7925206e-01 5.0912901e-03
7.3200000e+02 9.7840474e-01 5.0890869e-03
7.3300000e+02 9.7616276e-01 5.0832528e-03
7.3400000e+02 9.7437735e-01 5.0786020e-03
7.3500000e+02 9.7372060e-01 5.0768902e-03
7.3600000e+02 9.7458155e-01 5.0791342e-03
7.3700000e+02 9.7317217e-01 5.0754603e-03
7.3800000e+02 9.7075260e-01 5.0691469e-03
7.3900000e+02 9.7166105e-01 5.0715182e-03
7.4000000e+02 9.7349492e-01 5.0763018e-03
7.4100000e+02 9.7285983e-01 5.0746457e-03
7.4200000e+02 9.7419888e-01 5.0781369e-03
7.4300000e+02 9.7424196e-01 5.0782492e-03
7.4400000e+02 9.7296956e-01 5.0749319e-03
7.4500000e+02 9.7370376e-01 5.0768463e-03
7.4600000e+02 9.7382549e-01 5.0771636e-03
7.4700000e+02 9.7414069e-01 5.0779853e-03
7.4800000e+02 9.7283894e-01 5.0745912e-03
7.4900000e+02 9.7243782e-01 5.0735450e-03
7.5000000e+02 9.7306651e-01 5.0751848e-03
7.5100000e+02 9.7216460e-01 5.0728322e-03
7.5200000e+02 9.7343483e-01 5.0761452e-03
7.5300000e+02 9.7245181e-01 5.0735815e-03
7.5400000e+02 9.7304895e-01 5.0751390e-03
7.5500000e+02 9.7414479e-01 5.0779959e-03
7.5600000e+02 9.7281596e-01 5.0745313e-03
7.5700000e+02 9.7390237e-01 5.0773641e-03
7.5800000e+02 9.7358533e-01 5.0765376e-03
7.5900000e+02 9.7244343e-01 5.0735596e-03
7.6000000e+02 9.7079462e-01 5.0692566e-03
7.6100000e+02 9.7047283e-01 5.0684164e-03
7.6200000e+02 9.6995177e-01 5.0670555e-03
7.6300000e+02 9.6978605e-01 5.0666226e-03
7.6400000e+02 9.6833306e-01 5.0628257e-03
7.6500000e+02 9.6973069e-01 5.0664780e-03
7.6600000e+02 9.6996040e-01 5.0670781e-03
7.6700000e+02 9.6934555e-01 5.0654718e-03
7.6800000e+02 9.6879589e-01 5.0640354e-03
7.6900000e+02 9.6963971e-01 5.0662404e-03
7.7000000e+02 9.7005817e-01 5.0673334e-03
7.7100000e+02 9.6963375e-01 5.0662248e-03
7.7200000e+02 9.6708925e-01 5.0595731e-03
7.7300000e+02 9.6640820e-01 5.0577912e-03
7.7400000e+02 9.6731683e-01 5.0601683e-03
7.7500000e+02 9.6816683e-01 5.0623911e-03
7.7600000e+02 9.6694354e-01 5.0591919e-03
7.7700000e+02 9.6886566e-01 5.0642178e-03
7.7800000e+02 9.6761996e-01 5.0609611e-03
7.7900000e+02 9.6794937e-01 5.0618225e-03
7.8000000e+02 9.6899723e-01 5.0645616e-03
7.8100000e+02 9.7106479e-01 5.0699619e-03
7.8200000e+02 9.7073092e-01 5.0690903e-03
7.8300000e+02 9.7051077e-01 5.0685154e-03
7.8400000e+02 9.7118477e-01 5.0702751e-03
7.8500000e+02 9.7119927e-01 5.0703130e-03
7.8600000e+02 9.7109141e-01 5.0700314e-03
7.8700000e+02 9.7242809e-01 5.0735196e-03
7.8800000e+02 9.7275124e-01 5.0743625e-03
7.8900000e+02 9.7372871e-01 5.0769114e-03
7.9000000e+02 9.7535730e-01 5.0811552e-03
7.9100000e+02 9.7829715e-01 5.0888071e-03
7.9200000e+02 9.7813494e-01 5.0883852e-03
7.9300000e+02 9.7763648e-01 5.0870885e-03
7.9400000e+02 9.7691697e-01 5.0852162e-03
7.9500000e+02 9.7646615e-01 5.0840427e-03
7.9600000e+02 9.7602914e-01 5.0829049e-03
7.9700000e+02 9.7798146e-01 5.0879860e-03
7.9800000e+02 9.7816573e-01 5.0884653e-03
7.9900000e+02 9.7648500e-01 5.0840918e-03
8.0000000e+02 9.7499094e-01 5.0802008e-03
8.0100000e+02 9.7279167e-01 5.0744679e-03
8.0200000e+02 9.7335526e-01 5.0759377e-03
8.0300000e+02 9.7053898e-01 5.0685891e-03
8.0400000e+02 9.6778875e-01 5.0614025e-03
8.0500000e+02 9.6794827e-01 5.0618196e-03
8.0600000e+02 9.6767077e-01 5.0610940e-03
8.0700000e+02 9.6620519e-01 5.0572599e-03
8.0800000e+02 9.6414955e-01 5.0518773e-03
8.0900000e+02 9.6405533e-01 5.0516305e-03
8.1000000e+02 9.6298772e-01 5.0488326e-03
8.1100000e+02 9.6088244e-01 5.0433107e-03
8.1200000e+02 9.6026060e-01 5.0416785e-03
8.1300000e+02 9.6053340e-01 5.0423946e-03
8.1400000e+02 9.6156403e-01 5.0450990e-03
8.1500000e+02 9.6339209e-01 5.0498925e-03
8.1600000e+02 9.6527122e-01 5.0548151e-03
8.1700000e+02 9.6623427e-01 5.0573360e-03
8.1800000e+02 9.6770653e-01 5.0611875e-03
8.1900000e+02 9.6885386e-01 5.0641870e-03
8.2000000e+02 9.7166249e-01 5.0715220e-03
8.2100000e+02 9.7252063e-01 5.0737610e-03
8.2200000e+02 9.7355688e-01 5.0764634e-03
8.2300000e+02 9.7411042e-01 5.0779064e-03
8.2400000e+02 9.7515963e-01 5.0806403e-03
8.2500000e+02 9.7580363e-01 5.0823177e-03
8.2600000e+02 9.7635885e-01 5.0837634e-03
8.2700000e+02 9.7693179e-01 5.0852548e-03
8.2800000e+02 9.7621298e-01 5.0833836e-03
8.2900000e+02 9.7666795e-01 5.0845680e-03
8.3000000e+02 9.7621892e-01 5.0833990e-03
8.3100000e+02 9.7453378e-01 5.0790097e-03
8.3200000e+02 9.7344138e-01 5.0761623e-03
8.3300000e+02 9.7363299e-01 5.0766618e-03
8.3400000e+02 9.7509108e-01 5.0804617e-03
8.3500000e+02 9.7545634e-01 5.0814132e-03
8.3600000e+02 9.7584808e-01 5.0824334e-03
8.3700000e+02 9.7599857e-01 5.0828253e-03
8.3800000e+02 9.7507337e-01 5.0804156e-03
8.3900000e+02 9.7473870e-01 5.0795437e-03
8.4000000e+02 9.7415687e-01 5.0780274e-03
8.4100000e+02 9.7268937e-01 5.0742011e-03
8.4200000e+02 9.7005039e-01 5.0673131e-03
8.4300000e+02 9.7000777e-01 5.0672018e-03
8.4400000e+02 9.6916333e-01 5.0649957e-03
8.4500000e+02 9.6863307e-01 5.0636099e-03
8.4600000e+02 9.6989426e-01 5.0669053e-03
8.4700000e+02 9.6835887e-01 5.0628931e-03
8.4800000e+02 9.6771012e-01 5.0611969e-03
8.4900000e+02 9.6631709e-01 5.0575528e-03
8.5000000e+02 9.6739631e-01 5.0603762e-03
8.5100000e+02 9.6838769e-01 5.0629685e-03
8.5200000e+02 9.6774331e-01 5.0612837e-03
8.5300000e+02 9.6985031e-01 5.0667905e-03
8.5400000e+02 9.6996969e-01 5.0671023e-03
8.5500000e+02 9.6980699e-01 5.0666773e-03
8.5600000e+02 9.7208510e-01 5.0726248e-03
8.5700000e+02 9.7240652e-01 5.0734633e-03
8.5800000e+02 9.7194490e-01 5.0722589e-03
8.5900000e+02 9.7222111e-01 5.0729796e-03
8.6000000e+02 9.7234331e-01 5.0732984e-03
8.6100000e+02 9.7189350e-01 5.0721248e-03
8.6200000e+02 9.7188769e-01 5.0721097e-03
8.6300000e+02 9.7010806e-01 5.0674637e-03
8.6400000e+02 9.6918432e-01 5.0650505e-03
8.6500000e+02 9.6788082e-01 5.0616433e-03
8.6600000e+02 9.6816376e-01 5.0623831e-03
8.6700000e+02 9.6405422e-01 5.0516275e-03
8.6800000e+02 9.6344873e-01 5.0500409e-03
8.6900000e+02 9.6559855e-01 5.0556721e-03
8.7000000e+02 9.6891738e-01 5.0643530e-03
8.7100000e+02 9.6878102e-01 5.0639966e-03
8.7200000e+02 9.6970972e-01 5.0664232e-03
8.7300000e+02 9.6973836e-01 5.0664981e-03
8.7400000e+02 9.6872053e-01 5.0638385e-03
8.7500000e+02 9.6768083e-01 5.0611203e-03
8.7600000e+02 9.6743861e-01 5.0604869e-03
8.7700000e+02 9.6881853e-01 5.0640946e-03
8.7800000e+02 9.6730114e-01 5.0601273e-03
8.7900000e+02 9.6636696e-01 5.0576833e-03
8.8000000e+02 9.6660729e-01 5.0583121e-03
8.8100000e+02 9.6898103e-01 5.0645193e-03
8.8200000e+02 9.6937321e-01 5.0655441e-03
8.8300000e+02 9.6889958e-01 5.0643064e-03
8.8400000e+02 9.6766623e-01 5.0610821e-03
8.8500000e+02 9.6882650e-01 5.0641154e-03
8.8600000e+02 9.6881608e-01 5.0640882e-03
8.8700000e+02 9.7028287e-01 5.0679203e-03
8.8800000e+02 9.7117863e-01 5.0702591e-03
8.8900000e+02 9.7008178e-01 5.0673951e-03
8.9000000e+02 9.7057625e-01 5.0686864e-03
8.9100000e+02 9.7180272e-01 5.0718879e-03
8.9200000e+02 9.7034073e-01 5.0680714e-03
8.9300000e+02 9.6997392e-01 5.0671134e-03
8.9400000e+02 9.6884285e-01 5.0641582e-03
8.9500000e+02 9.7197528e-01 5.0723382e-03
8.9600000e+02 9.7116800e-01 5.0702313e-03
8.9700000e+02 9.7309596e-01 5.0752616e-03
8.9800000e+02 9.7591767e-01 5.0826147e-03
8.9900000e+02 9.7459333e-01 5.0791649e-03
9.0000000e+02 9.7325400e-01 5.0756737e-03
9.0100000e+02 9.7125625e-01 5.0704617e-03
9.0200000e+02 9.7111208e-01 5.0700854e-03
9.0300000e+02 9.6915290e-01 5.0649684e-03
9.0400000e+02 9.6878031e-01 5.0639947e-03
9.0500000e+02 9.6920072e-01 5.0650934e-03
9.0600000e+02 9.6922102e-01 5.0651464e-03
9.0700000e+02 9.6795371e-01 5.0618339e-03
9.0800000e+02 9.6767726e-01 5.0611110e-03
9.0900000e+02 9.6504021e-01 5.0542102e-03
9.1000000e+02 9.6544150e-01 5.0552609e-03
9.1100000e+02 9.6554790e-01 5.0555395e-03
9.1200000e+02 9.6571713e-01 5.0559825e-03
9.1300000e+02 9.6445255e-01 5.0526711e-03
9.1400000e+02 9.6400339e-01 5.0514944e-03
9.1500000e+02 9.6335572e-01 5.0497972e-03
9.1600000e+02 9.6444661e-01 5.0526555e-03
9.1700000e+02 9.6555025e-01 5.0555456e-03
9.1800000e+02 9.6444028e-01 5.0526389e-03
9.1900000e+02 9.6276738e-01 5.0482549e-03
9.2000000e+02 9.6131427e-01 5.0444438e-03
9.2100000e+02 9.6197265e-01 5.0461709e-03
9.2200000e+02 9.6169918e-01 5.0454536e-03
9.2300000e+02 9.6207172e-01 5.0464307e-03
9.2400000e+02 9.6003159e-01 5.0410773e-03
9.2500000e+02 9.5948444e-01 5.0396405e-03
9.2600000e+02 9.6108229e-01 5.0438351e-03
9.2700000e+02 9.6169382e-01 5.0454395e-03
9.2800000e+02 9.6212689e-01 5.0465754e-03
9.2900000e+02 9.6450281e-01 5.0528027e-03
9.3000000e+02 9.6550166e-01 5.0554184e-03
9.3100000e+02 9.6607728e-01 5.0569252e-03
9.3200000e+02 9.6710397e-01 5.0596116e-03
9.3300000e+02 9.6612419e-01 5.0570480e-03
9.3400000e+02 9.6781739e-01 5.0614774e-03
9.3500000e+02 9.6903015e-01 5.0646477e-03
9.3600000e+02 9.7081664e-01 5.0693141e-03
9.3700000e+02 9.7237624e-01 5.0733843e-03
9.3800000e+02 9.7165110e-01 5.0714923e-03
9.3900000e+02 9.6796997e-01 5.0618764e-03
9.4000000e+02 9.6805070e-01 5.0620875e-03
9.4100000e+02 9.6905931e-01 5.0647239e-03
9.4200000e+02 9.6699315e-01 5.0593217e-03
9.4300000e+02 9.6824326e-01 5.0625909e-03
9.4400000e+02 9.6829631e-01 5.0627296e-03
9.4500000e+02 9.6851677e-01 5.0633059e-03
9.4600000e+02 9.6930496e-01 5.0653658e-03
9.4700000e+02 9.6748415e-01 5.0606060e-03
9.4800000e+02 9.6851178e-01 5.0632929e-03
9.4900000e+02 9.6898977e-01 5.0645421e-03
9.5000000e+02 9.6795495e-01 5.0618371e-03
9.5100000e+02 9.6808252e-01 5.0621707e-03
9.5200000e+02 9.6715374e-01 5.0597418e-03
9.5300000e+02 9.6508338e-01 5.0543232e-03
9.5400000e+02 9.6480811e-01 5.0536024e-03
9.5500000e+02 9.6547422e-01 5.0553466e-03
9.5600000e+02 9.6423563e-01 5.0521028e-03
9.5700000e+02 9.6000889e-01 5.0410177e-03
9.5800000e+02 9.5975154e-01 5.0403420e-03
9.5900000e+02 9.6134598e-01 5.0445270e-03
9.6000000e+02 9.6044256e-01 5.0421561e-03
9.6100000e+02 9.6200269e-01 5.0462497e-03
9.6200000e+02 9.6397668e-01 5.0514244e-03
9.6300000e+02 9.6364455e-01 5.0505541e-03
9.6400000e+02 9.6361530e-01 5.0504774e-03
9.6500000e+02 9.6177824e-01 5.0456610e-03
9.6600000e+02 9.6384449e-01 5.0510780e-03
9.6700000e+02 9.6403088e-01 5.0515664e-03
9.6800000e+02 9.6463345e-01 5.0531449e-03
9.6900000e+02 9.6363585e-01 5.0505313e-03
9.7000000e+02 9.6513972e-01 5.0544707e-03
9.7100000e+02 9.6490199e-01 5.0538482e-03
9.7200000e+02 9.6552887e-01 5.0554897e-03
9.7300000e+02 9.6759661e-01 5.0609001e-03
9.7400000e+02 9.6739132e-01 5.0603632e-03
9.7500000e+02 9.6605056e-01 5.0568552e-03
9.7600000e+02 9.6684833e-01 5.0589428e-03
9.7700000e+02 9.6678000e-01 5.0587640e-03
9.7800000e+02 9.6647095e-01 5.0579554e-03
9.7900000e+02 9.6785366e-01 5.0615723e-03
9.8000000e+02 9.6798719e-01 5.0619214e-03
9.8100000e+02 9.6955639e-01 5.0660227e-03
9.8200000e+02 9.7004397e-01 5.0672963e-03
9.8300000e+02 9.6873686e-01 5.0638812e-03
9.8400000e+02 9.7003703e-01 5.0672782e-03
9.8500000e+02 9.7019512e-01 5.0676911e-03
9.8600000e+02 9.7056533e-01 5.0686579e-03
9.8700000e+02 9.7307413e-01 5.0752046e-03
9.8800000e+02 9.7148269e-01 5.0710527e-03
9.8900000e+02 9.7007024e-01 5.0673650e-03
9.9000000e+02 9.6986158e-01 5.0668199e-03
9.9100000e+02 9.7182811e-01 5.0719542e-03
9.9200000e+02 9.7399686e-01 5.0776104e-03
9.9300000e+02 9.7349835e-01 5.0763108e-03
9.9400000e+02 9.7264722e-01 5.0740912e-03
9.9500000e+02 9.7308234e-01 5.0752260e-03
9.9600000e+02 9.7347689e-01 5.0762548e-03
9.9700000e+02 9.7372498e-01 5.0769016e-03
9.9800000e+02 9.7314551e-01 5.0753908e-03
9.9900000e+02 9.7312789e-01 5.0753448e-03
1.0000000e+03 9.7425631e-01 5.0782866e-03
