1.0000000e+00 9.3800275e-01 5.1640767e-03
2.0000000e+00 9.3958207e-01 5.1684223e-03
3.0000000e+00 9.3860946e-01 5.1657465e-03
4.0000000e+00 9.3791676e-01 5.1638400e-03
5.0000000e+00 9.4029476e-01 5.1703821e-03
6.0000000e+00 9.4264766e-01 5.1768470e-03
7.0000000e+00 9.4307340e-01 5.1780159e-03
8.0000000e+00 9.5076749e-01 5.1990954e-03
9.0000000e+00 9.4628746e-01 5.1868319e-03
1.0000000e+01 9.4344798e-01 5.1790441e-03
1.1000000e+01 9.4816805e-01 5.1919833e-03
1.2000000e+01 9.4431234e-01 5.1814160e-03
1.3000000e+01 9.4121069e-01 5.1728996e-03
1.4000000e+01 9.4347835e-01 5.1791275e-03
1.5000000e+01 9.4322291e-01 5.1784263e-03
1.6000000e+01 9.4556538e-01 5.1848525e-03
1.7000000e+01 9.4161470e-01 5.1740097e-03
1.8000000e+01 9.5049943e-01 5.1983625e-03
1.9000000e+01 9.5406606e-01 5.2081064e-03
2.0000000e+01 9.5209453e-01 5.2027225e-03
2.1000000e+01 9.5406609e-01 5.2081065e-03
2.2000000e+01 9.5154057e-01 5.2012087e-03
2.3000000e+01 9.4971931e-01 5.1962288e-03
2.4000000e+01 9.4171557e-01 5.1742869e-03
2.5000000e+01 9.5036467e-01 5.1979940e-03
2.6000000e+01 9.5082215e-01 5.1992449e-03
2.7000000e+01 9.4972817e-01 5.1962530e-03
2.8000000e+01 9.5771306e-01 5.2180512e-03
2.9000000e+01 9.6645270e-01 5.2418058e-03
3.0000000e+01 9.5942739e-01 5.2227193e-03
3.1000000e+01 9.5188950e-01 5.2021623e-03
3.2000000e+01 9.4538292e-01 5.1843523e-03
3.3000000e+01 9.4349514e-01 5.1791735e-03
3.4000000e+01 9.4271957e-01 5.1770444e-03
3.5000000e+01 9.4821124e-01 5.1921015e-03
3.6000000e+01 9.4961382e-01 5.1959402e-03
3.7000000e+01 9.4417181e-01 5.1810304e-03
3.8000000e+01 9.4804235e-01 5.1916391e-03
3.9000000e+01 9.5534950e-01 5.2116083e-03
4.0000000e+01 9.4717837e-01 5.1892730e-03
4.1000000e+01 9.4337027e-01 5.1788308e-03
4.2000000e+01 9.3868775e-01 5.1659620e-03
4.3000000e+01 9.3403753e-01 5.1531501e-03
4.4000000e+01 9.3841304e-01 5.1652060e-03
4.5000000e+01 9.3857238e-01 5.1656445e-03
4.6000000e+01 9.3854556e-01 5.1655707e-03
4.7000000e+01 9.3953633e-01 5.1682964e-03
4.8000000e+01 9.5084986e-01 5.1993207e-03
4.9000000e+01 9.5033531e-01 5.1979137e-03
5.0000000e+01 9.5261641e-01 5.2041482e-03
5.1000000e+01 9.4666990e-01 5.1878799e-03
5.2000000e+01 9.4002223e-01 5.1696327e-03
5.3000000e+01 9.3296436e-01 5.1501889e-03
5.4000000e+01 9.3643957e-01 5.1597719e-03
5.5000000e+01 9.3718922e-01 5.1618368e-03
5.6000000e+01 9.3237514e-01 5.1485623e-03
5.7000000e+01 9.3485540e-01 5.1554057e-03
5.8000000e+01 9.3883246e-01 5.1663601e-03
5.9000000e+01 9.4318957e-01 5.1783348e-03
6.0000000e+01 9.4819487e-01 5.1920567e-03
6.1000000e+01 9.4686537e-01 5.1884155e-03
6.2000000e+01 9.4983154e-01 5.1965358e-03
6.3000000e+01 9.4764943e-01 5.1905632e-03
6.4000000e+01 9.5194088e-01 5.2023027e-03
6.5000000e+01 9.4716322e-01 5.1892315e-03
6.6000000e+01 9.4461192e-01 5.1822378e-03
6.7000000e+01 9.4018196e-01 5.1700719e-03
6.8000000e+01 9.4685116e-01 5.1883765e-03
6.9000000e+01 9.4989527e-01 5.1967101e-03
7.0000000e+01 9.5083074e-01 5.1992684e-03
7.1000000e+01 9.5040788e-01 5.1981121e-03
7.2000000e+01 9.4693767e-01 5.1886135e-03
7.3000000e+01 9.5155473e-01 5.2012474e-03
7.4000000e+01 9.4437566e-01 5.1815897e-03
7.5000000e+01 9.4151706e-01 5.1737415e-03
7.6000000e+01 9.3378586e-01 5.1524558e-03
7.7000000e+01 9.3038411e-01 5.1430621e-03
7.8000000e+01 9.2954044e-01 5.1407297e-03
7.9000000e+01 9.3011875e-01 5.1423286e-03
8.0000000e+01 9.2808858e-01 5.1367135e-03
8.1000000e+01 9.3397491e-01 5.1529773e-03
8.2000000e+01 9.3236012e-01 5.1485208e-03
8.3000000e+01 9.2798371e-01 5.1364233e-03
8.4000000e+01 9.2693543e-01 5.1335213e-03
8.5000000e+01 9.3083321e-01 5.1443033e-03
8.6000000e+01 9.3164949e-01 5.1465584e-03
8.7000000e+01 9.4272103e-01 5.1770484e-03
8.8000000e+01 9.4160299e-01 5.1739776e-03
8.9000000e+01 9.4225490e-01 5.1757684e-03
9.0000000e+01 9.3901071e-01 5.1668506e-03
9.1000000e+01 9.4817642e-01 5.1920062e-03
9.2000000e+01 9.5038947e-01 5.1980618e-03
9.3000000e+01 9.5795863e-01 5.2187201e-03
9.4000000e+01 9.5892516e-01 5.2213521e-03
9.5000000e+01 9.5524934e-01 5.2113351e-03
9.6000000e+01 9.5820979e-01 5.2194042e-03
9.7000000e+01 9.5436654e-01 5.2089265e-03
9.8000000e+01 9.4805033e-01 5.1916610e-03
9.9000000e+01 9.3768038e-01 5.1631892e-03
1.0000000e+02 9.3609370e-01 5.1588190e-03
1.0100000e+02 9.3242096e-01 5.1486888e-03
1.0200000e+02 9.3187543e-01 5.1471824e-03
1.0300000e+02 9.3236154e-01 5.1485247e-03
1.0400000e+02 9.3126248e-01 5.1454893e-03
1.0500000e+02 9.3962152e-01 5.1685308e-03
1.0600000e+02 9.3481651e-01 5.1552985e-03
1.0700000e+02 9.3535844e-01 5.1567926e-03
1.0800000e+02 9.3031231e-01 5.1428637e-03
1.0900000e+02 9.2586831e-01 5.1305655e-03
1.1000000e+02 9.2292126e-01 5.1223937e-03
1.1100000e+02 9.2905916e-01 5.1393987e-03
1.1200000e+02 9.2082736e-01 5.1165796e-03
1.1300000e+02 9.3066082e-01 5.1438269e-03
1.1400000e+02 9.2911618e-01 5.1395564e-03
1.1500000e+02 9.3230457e-01 5.1483674e-03
1.1600000e+02 9.4361821e-01 5.1795113e-03
1.1700000e+02 9.5017138e-01 5.1974653e-03
1.1800000e+02 9.4868308e-01 5.1933932e-03
1.1900000e+02 9.5135502e-01 5.2007016e-03
1.2000000e+02 9.5422292e-01 5.2085346e-03
1.2100000e+02 9.5308178e-01 5.2054192e-03
1.2200000e+02 9.5920316e-01 5.2221090e-03
1.2300000e+02 9.6363914e-01 5.2341702e-03
1.2400000e+02 9.6746857e-01 5.2445600e-03
1.2500000e+02 9.6521701e-01 5.2384537e-03
1.2600000e+02 9.8142653e-01 5.2822570e-03
1.2700000e+02 9.8047655e-01 5.2796998e-03
1.2800000e+02 9.7454826e-01 5.2637142e-03
1.2900000e+02 9.7242799e-01 5.2579851e-03
1.3000000e+02 9.7550743e-01 5.2663039e-03
1.3100000e+02 9.7169437e-01 5.2560014e-03
1.3200000e+02 9.7431648e-01 5.2630883e-03
1.3300000e+02 9.7258563e-01 5.2584113e-03
1.3400000e+02 9.6656943e-01 5.2421224e-03
1.3500000e+02 9.6447180e-01 5.2364311e-03
1.3600000e+02 9.6736507e-01 5.2442795e-03
1.3700000e+02 9.6891322e-01 5.2484742e-03
1.3800000e+02 9.7082305e-01 5.2536443e-03
1.3900000e+02 9.7256650e-01 5.2583596e-03
1.4000000e+02 9.8002276e-01 5.2784779e-03
1.4100000e+02 9.7811348e-01 5.2733336e-03
1.4200000e+02 9.7335348e-01 5.2604866e-03
1.4300000e+02 9.7776163e-01 5.2723851e-03
1.4400000e+02 9.7218498e-01 5.2573281e-03
1.4500000e+02 9.8201360e-01 5.2838366e-03
1.4600000e+02 9.7853766e-01 5.2744770e-03
1.4700000e+02 9.7856899e-01 5.2745614e-03
1.4800000e+02 9.7298150e-01 5.2594814e-03
1.4900000e+02 9.7500848e-01 5.2649570e-03
1.5000000e+02 9.6580514e-01 5.2400494e-03
1.5100000e+02 9.7533610e-01 5.2658414e-03
1.5200000e+02 9.7407610e-01 5.2624390e-03
1.5300000e+02 9.7200012e-01 5.2568282e-03
1.5400000e+02 9.7048683e-01 5.2527345e-03
1.5500000e+02 9.7240419e-01 5.2579208e-03
1.5600000e+02 9.7814965e-01 5.2734311e-03
1.5700000e+02 9.7596006e-01 5.2675256e-03
1.5800000e+02 9.7244272e-01 5.2580250e-03
1.5900000e+02 9.6910227e-01 5.2489862e-03
1.6000000e+02 9.7236818e-01 5.2578234e-03
1.6100000e+02 9.7694643e-01 5.2701867e-03
1.6200000e+02 9.7894043e-01 5.2755624e-03
1.6300000e+02 9.8378109e-01 5.2885895e-03
1.6400000e+02 9.8501718e-01 5.2919110e-03
1.6500000e+02 9.8415631e-01 5.2895980e-03
1.6600000e+02 9.8169980e-01 5.2829923e-03
1.6700000e+02 9.7534314e-01 5.2658604e-03
1.6800000e+02 9.7571364e-01 5.2668605e-03
1.6900000e+02 9.7256072e-01 5.2583440e-03
1.7000000e+02 9.7652196e-01 5.2690417e-03
1.7100000e+02 9.7505837e-01 5.2650916e-03
1.7200000e+02 9.7741949e-01 5.2714625e-03
1.7300000e+02 9.7568473e-01 5.2667825e-03
1.7400000e+02 9.7787677e-01 5.2726955e-03
1.7500000e+02 9.7201420e-01 5.2568663e-03
1.7600000e+02 9.6519270e-01 5.2383878e-03
1.7700000e+02 9.6182743e-01 5.2292476e-03
1.7800000e+02 9.6026080e-01 5.2249872e-03
1.7900000e+02 9.5730787e-01 5.2169472e-03
1.8000000e+02 9.5591271e-01 5.2131443e-03
1.8100000e+02 9.5767964e-01 5.2179601e-03
1.8200000e+02 9.5594147e-01 5.2132227e-03
1.8300000e+02 9.6224825e-01 5.2303914e-03
1.8400000e+02 9.6207495e-01 5.2299204e-03
1.8500000e+02 9.6522985e-01 5.2384886e-03
1.8600000e+02 9.6284692e-01 5.2320183e-03
1.8700000e+02 9.5181817e-01 5.2019674e-03
1.8800000e+02 9.4124758e-01 5.1730010e-03
1.8900000e+02 9.3643566e-01 5.1597612e-03
1.9000000e+02 9.2974789e-01 5.1413033e-03
1.9100000e+02 9.3996438e-01 5.1694737e-03
1.9200000e+02 9.3542720e-01 5.1569821e-03
1.9300000e+02 9.4708176e-01 5.1890083e-03
1.9400000e+02 9.3527297e-01 5.1565570e-03
1.9500000e+02 9.2609880e-01 5.1312041e-03
1.9600000e+02 9.2562883e-01 5.1299020e-03
1.9700000e+02 9.1432670e-01 5.0984871e-03
1.9800000e+02 9.1024075e-01 5.0870823e-03
1.9900000e+02 9.0591141e-01 5.0749702e-03
2.0000000e+02 8.9784426e-01 5.0523233e-03
2.0100000e+02 8.9698318e-01 5.0499000e-03
2.0200000e+02 9.0181629e-01 5.0634866e-03
2.0300000e+02 9.0254759e-01 5.0655392e-03
2.0400000e+02 9.0424558e-01 5.0703020e-03
2.0500000e+02 9.0423904e-01 5.0702837e-03
2.0600000e+02 8.9763460e-01 5.0517334e-03
2.0700000e+02 8.9117903e-01 5.0335352e-03
2.0800000e+02 8.9166543e-01 5.0349086e-03
2.0900000e+02 8.8070932e-01 5.0038804e-03
2.1000000e+02 8.8773800e-01 5.0238080e-03
2.1100000e+02 8.8975412e-01 5.0295095e-03
2.1200000e+02 8.9541415e-01 5.0454813e-03
2.1300000e+02 8.9214342e-01 5.0362580e-03
2.1400000e+02 8.9817782e-01 5.0532617e-03
2.1500000e+02 9.0040487e-01 5.0595227e-03
2.1600000e+02 9.0503019e-01 5.0725012e-03
2.1700000e+02 9.0555228e-01 5.0739641e-03
2.1800000e+02 9.0152828e-01 5.0626780e-03
2.1900000e+02 8.9265590e-01 5.0377043e-03
2.2000000e+02 8.8999589e-01 5.0301928e-03
2.2100000e+02 8.9447111e-01 5.0428237e-03
2.2200000e+02 8.9940455e-01 5.0567114e-03
2.2300000e+02 9.0678426e-01 5.0774145e-03
2.2400000e+02 9.0287191e-01 5.0664493e-03
2.2500000e+02 9.0390479e-01 5.0693464e-03
2.2600000e+02 9.0725318e-01 5.0787271e-03
2.2700000e+02 9.0413084e-01 5.0699803e-03
2.2800000e+02 8.9770655e-01 5.0519358e-03
2.2900000e+02 9.0128052e-01 5.0619823e-03
2.3000000e+02 8.9721226e-01 5.0505448e-03
2.3100000e+02 9.0242187e-01 5.0651864e-03
2.3200000e+02 8.9635316e-01 5.0481262e-03
2.3300000e+02 9.0086289e-01 5.0608094e-03
2.3400000e+02 8.9774045e-01 5.0520312e-03
2.3500000e+02 8.9724678e-01 5.0506420e-03
2.3600000e+02 9.0840464e-01 5.0819490e-03
2.3700000e+02 9.1200970e-01 5.0920230e-03
2.3800000e+02 9.0958773e-01 5.0852572e-03
2.3900000e+02 9.1605835e-01 5.1033129e-03
2.4000000e+02 9.1645028e-01 5.1044045e-03
2.4100000e+02 9.0556233e-01 5.0739923e-03
2.4200000e+02 9.0486848e-01 5.0720480e-03
2.4300000e+02 9.0541576e-01 5.0735816e-03
2.4400000e+02 9.2028450e-01 5.1150712e-03
2.4500000e+02 9.2373436e-01 5.1246496e-03
2.4600000e+02 9.2940551e-01 5.1403566e-03
2.4700000e+02 9.3040543e-01 5.1431211e-03
2.4800000e+02 9.3697881e-01 5.1612573e-03
2.4900000e+02 9.3564215e-01 5.1575746e-03
2.5000000e+02 9.3424847e-01 5.1537319e-03
2.5100000e+02 9.3133541e-01 5.1456908e-03
2.5200000e+02 9.3843611e-01 5.1652695e-03
2.5300000e+02 9.4562976e-01 5.1850291e-03
2.5400000e+02 9.4576162e-01 5.1853905e-03
2.5500000e+02 9.4677057e-01 5.1881557e-03
2.5600000e+02 9.5220919e-01 5.2030358e-03
2.5700000e+02 9.5201493e-01 5.2025050e-03
2.5800000e+02 9.5000061e-01 5.1969983e-03
2.5900000e+02 9.5423051e-01 5.2085553e-03
2.6000000e+02 9.5299305e-01 5.2051769e-03
2.6100000e+02 9.5914015e-01 5.2219374e-03
2.6200000e+02 9.5851871e-01 5.2202455e-03
2.6300000e+02 9.5625752e-01 5.2140845e-03
2.6400000e+02 9.5237183e-01 5.2034801e-03
2.6500000e+02 9.5036918e-01 5.1980063e-03
2.6600000e+02 9.5794557e-01 5.2186845e-03
2.6700000e+02 9.5207533e-01 5.2026700e-03
2.6800000e+02 9.5916102e-01 5.2219942e-03
2.6900000e+02 9.6035297e-01 5.2252379e-03
2.7000000e+02 9.6286675e-01 5.2320721e-03
2.7100000e+02 9.5554951e-01 5.2121538e-03
2.7200000e+02 9.4995417e-01 5.1968712e-03
2.7300000e+02 9.5045336e-01 5.1982365e-03
2.7400000e+02 9.5836390e-01 5.2198239e-03
2.7500000e+02 9.6447624e-01 5.2364432e-03
2.7600000e+02 9.6580870e-01 5.2400591e-03
2.7700000e+02 9.6609234e-01 5.2408285e-03
2.7800000e+02 9.6307096e-01 5.2326269e-03
2.7900000e+02 9.5832877e-01 5.2197282e-03
2.8000000e+02 9.5221935e-01 5.2030635e-03
2.8100000e+02 9.4378572e-01 5.1799710e-03
2.8200000e+02 9.5286592e-01 5.2048297e-03
2.8300000e+02 9.5380527e-01 5.2073946e-03
2.8400000e+02 9.5392348e-01 5.2077173e-03
2.8500000e+02 9.4930257e-01 5.1950886e-03
2.8600000e+02 9.4929932e-01 5.1950797e-03
2.8700000e+02 9.4676874e-01 5.1881507e-03
2.8800000e+02 9.4398283e-01 5.1805119e-03
2.8900000e+02 9.4583104e-01 5.1855808e-03
2.9000000e+02 9.4977994e-01 5.1963946e-03
2.9100000e+02 9.3814563e-01 5.1644700e-03
2.9200000e+02 9.4625919e-01 5.1867544e-03
2.9300000e+02 9.4190994e-01 5.1748208e-03
2.9400000e+02 9.3977917e-01 5.1689643e-03
2.9500000e+02 9.4133188e-01 5.1732327e-03
2.9600000e+02 9.5075839e-01 5.1990706e-03
2.9700000e+02 9.5615862e-01 5.2138148e-03
2.9800000e+02 9.6551249e-01 5.2392555e-03
2.9900000e+02 9.7253446e-01 5.2582730e-03
3.0000000e+02 9.6490452e-01 5.2376057e-03
3.0100000e+02 9.6800329e-01 5.2460092e-03
3.0200000e+02 9.6583489e-01 5.2401301e-03
3.0300000e+02 9.7338386e-01 5.2605687e-03
3.0400000e+02 9.7205420e-01 5.2569745e-03
3.0500000e+02 9.6906629e-01 5.2488888e-03
3.0600000e+02 9.6912584e-01 5.2490501e-03
3.0700000e+02 9.7499987e-01 5.2649337e-03
3.0800000e+02 9.6753832e-01 5.2447491e-03
3.0900000e+02 9.6520425e-01 5.2384191e-03
3.1000000e+02 9.6706661e-01 5.2434704e-03
3.1100000e+02 9.6588558e-01 5.2402677e-03
3.1200000e+02 9.6401013e-01 5.2351777e-03
3.1300000e+02 9.5346063e-01 5.2064537e-03
3.1400000e+02 9.5211823e-01 5.2027873e-03
3.1500000e+02 9.5197583e-01 5.2023982e-03
3.1600000e+02 9.5464443e-01 5.2096848e-03
3.1700000e+02 9.5359652e-01 5.2068247e-03
3.1800000e+02 9.5679808e-01 5.2155579e-03
3.1900000e+02 9.6356128e-01 5.2339588e-03
3.2000000e+02 9.6314538e-01 5.2328291e-03
3.2100000e+02 9.5491258e-01 5.2104164e-03
3.2200000e+02 9.5255165e-01 5.2039713e-03
3.2300000e+02 9.4430225e-01 5.1813883e-03
3.2400000e+02 9.4392724e-01 5.1803594e-03
3.2500000e+02 9.4757962e-01 5.1903720e-03
3.2600000e+02 9.4714727e-01 5.1891878e-03
3.2700000e+02 9.4059419e-01 5.1712052e-03
3.2800000e+02 9.4517791e-01 5.1837901e-03
3.2900000e+02 9.4535607e-01 5.1842787e-03
3.3000000e+02 9.4107752e-01 5.1725337e-03
3.3100000e+02 9.4529826e-01 5.1841201e-03
3.3200000e+02 9.4295973e-01 5.1777038e-03
3.3300000e+02 9.3742678e-01 5.1624910e-03
3.3400000e+02 9.4207905e-01 5.1752853e-03
3.3500000e+02 9.3626220e-01 5.1592833e-03
3.3600000e+02 9.3508768e-01 5.1560462e-03
3.3700000e+02 9.4167069e-01 5.1741636e-03
3.3800000e+02 9.4465350e-01 5.1823519e-03
3.3900000e+02 9.4562029e-01 5.1850031e-03
3.4000000e+02 9.4159093e-01 5.1739445e-03
3.4100000e+02 9.3976578e-01 5.1689275e-03
3.4200000e+02 9.3900128e-01 5.1668246e-03
3.4300000e+02 9.3435028e-01 5.1540127e-03
3.4400000e+02 9.3186060e-01 5.1471414e-03
3.4500000e+02 9.2905961e-01 5.1394000e-03
3.4600000e+02 9.2156373e-01 5.1186250e-03
3.4700000e+02 9.2525294e-01 5.1288602e-03
3.4800000e+02 9.2229066e-01 5.1206434e-03
3.4900000e+02 9.3434130e-01 5.1539880e-03
3.5000000e+02 9.3312394e-01 5.1506293e-03
3.5100000e+02 9.2881825e-01 5.1387324e-03
3.5200000e+02 9.2535645e-01 5.1291471e-03
3.5300000e+02 9.2689191e-01 5.1334008e-03
3.5400000e+02 9.2704339e-01 5.1338203e-03
3.5500000e+02 9.1839962e-01 5.1098303e-03
3.5600000e+02 9.1434749e-01 5.0985451e-03
3.5700000e+02 9.2284087e-01 5.1221706e-03
3.5800000e+02 9.1917571e-01 5.1119889e-03
3.5900000e+02 9.2433710e-01 5.1263213e-03
3.6000000e+02 9.2845518e-01 5.1377279e-03
3.6100000e+02 9.3345185e-01 5.1515342e-03
3.6200000e+02 9.3864969e-01 5.1658572e-03
3.6300000e+02 9.4011445e-01 5.1698863e-03
3.6400000e+02 9.4327106e-01 5.1785585e-03
3.6500000e+02 9.4183729e-01 5.1746213e-03
3.6600000e+02 9.4933409e-01 5.1951748e-03
3.6700000e+02 9.4541781e-01 5.1844480e-03
3.6800000e+02 9.5218769e-01 5.2029770e-03
3.6900000e+02 9.6087815e-01 5.2266665e-03
3.7000000e+02 9.5300437e-01 5.2052078e-03
3.7100000e+02 9.5708729e-01 5.2163461e-03
3.7200000e+02 9.6243447e-01 5.2308975e-03
3.7300000e+02 9.6676241e-01 5.2426457e-03
3.7400000e+02 9.6169475e-01 5.2288869e-03
3.7500000e+02 9.6648768e-01 5.2419007e-03
3.7600000e+02 9.6099554e-01 5.2269857e-03
3.7700000e+02 9.6433239e-01 5.2360527e-03
3.7800000e+02 9.6878756e-01 5.2481339e-03
3.7900000e+02 9.6521408e-01 5.2384458e-03
3.8000000e+02 9.6313629e-01 5.2328044e-03
3.8100000e+02 9.6351855e-01 5.2338427e-03
3.8200000e+02 9.5834605e-01 5.2197753e-03
3.8300000e+02 9.5849241e-01 5.2201739e-03
3.8400000e+02 9.6288997e-01 5.2321352e-03
3.8500000e+02 9.6018295e-01 5.2247754e-03
3.8600000e+02 9.5368714e-01 5.2070721e-03
3.8700000e+02 9.5728805e-01 5.2168932e-03
3.8800000e+02 9.4994855e-01 5.1968558e-03
3.8900000e+02 9.4577900e-01 5.1854382e-03
3.9000000e+02 9.4674898e-01 5.1880966e-03
3.9100000e+02 9.4795526e-01 5.1914007e-03
3.9200000e+02 9.5456055e-01 5.2094559e-03
3.9300000e+02 9.5698285e-01 5.2160615e-03
3.9400000e+02 9.5050734e-01 5.1983841e-03
3.9500000e+02 9.5436381e-01 5.2089191e-03
3.9600000e+02 9.5579283e-01 5.2128174e-03
3.9700000e+02 9.5212777e-01 5.2028133e-03
3.9800000e+02 9.5360654e-01 5.2068521e-03
3.9900000e+02 9.4998750e-01 5.1969624e-03
4.0000000e+02 9.4347592e-01 5.1791208e-03
4.0100000e+02 9.4456545e-01 5.1821103e-03
4.0200000e+02 9.4907213e-01 5.1944580e-03
4.0300000e+02 9.5221374e-01 5.2030482e-03
4.0400000e+02 9.5290639e-01 5.2049402e-03
4.0500000e+02 9.5589190e-01 5.2130875e-03
4.0600000e+02 9.5016168e-01 5.1974388e-03
4.0700000e+02 9.5917358e-01 5.2220284e-03
4.0800000e+02 9.5174007e-01 5.2017539e-03
4.0900000e+02 9.4895562e-01 5.1941391e-03
4.1000000e+02 9.5003806e-01 5.1971007e-03
4.1100000e+02 9.4799505e-01 5.1915096e-03
4.1200000e+02 9.4305663e-01 5.1779698e-03
4.1300000e+02 9.4565402e-01 5.1850956e-03
4.1400000e+02 9.5216031e-01 5.2029022e-03
4.1500000e+02 9.6421612e-01 5.2357370e-03
4.1600000e+02 9.6399619e-01 5.2351399e-03
4.1700000e+02 9.6254357e-01 5.2311940e-03
4.1800000e+02 9.5950948e-01 5.2229427e-03
4.1900000e+02 9.5386045e-01 5.2075452e-03
4.2000000e+02 9.4988269e-01 5.1966757e-03
4.2100000e+02 9.5333392e-01 5.2061077e-03
4.2200000e+02 9.6527828e-01 5.2386200e-03
4.2300000e+02 9.5620389e-01 5.2139382e-03
4.2400000e+02 9.5905266e-01 5.2216993e-03
4.2500000e+02 9.5287661e-01 5.2048589e-03
4.2600000e+02 9.5302780e-01 5.2052718e-03
4.2700000e+02 9.4788479e-01 5.1912077e-03
4.2800000e+02 9.4786004e-01 5.1911399e-03
4.2900000e+02 9.5161863e-01 5.2014221e-03
4.3000000e+02 9.5545630e-01 5.2118996e-03
4.3100000e+02 9.6208789e-01 5.2299556e-03
4.3200000e+02 9.6506801e-01 5.2380494e-03
4.3300000e+02 9.6262534e-01 5.2314162e-03
4.3400000e+02 9.6821935e-01 5.2465946e-03
4.3500000e+02 9.6214635e-01 5.2301145e-03
4.3600000e+02 9.6274213e-01 5.2317335e-03
4.3700000e+02 9.7354744e-01 5.2610107e-03
4.3800000e+02 9.7316006e-01 5.2599639e-03
4.3900000e+02 9.6931453e-01 5.2495610e-03
4.4000000e+02 9.7738332e-01 5.2713650e-03
4.4100000e+02 9.6855841e-01 5.2475132e-03
4.4200000e+02 9.6644060e-01 5.2417730e-03
4.4300000e+02 9.7323637e-01 5.2601702e-03
4.4400000e+02 9.7610712e-01 5.2679224e-03
4.4500000e+02 9.7267042e-01 5.2586405e-03
4.4600000e+02 9.7212705e-01 5.2571715e-03
4.4700000e+02 9.6779627e-01 5.2454482e-03
4.4800000e+02 9.6909665e-01 5.2489710e-03
4.4900000e+02 9.6873834e-01 5.2480005e-03
4.5000000e+02 9.7013598e-01 5.2517849e-03
4.5100000e+02 9.6152221e-01 5.2284179e-03
4.5200000e+02 9.5919557e-01 5.2220883e-03
4.5300000e+02 9.5637764e-01 5.2144119e-03
4.5400000e+02 9.4886740e-01 5.1938977e-03
4.5500000e+02 9.4838552e-01 5.1925787e-03
4.5600000e+02 9.4236090e-01 5.1760595e-03
4.5700000e+02 9.4392006e-01 5.1803397e-03
4.5800000e+02 9.4607814e-01 5.1862582e-03
4.5900000e+02 9.4543110e-01 5.1844844e-03
4.6000000e+02 9.4554147e-01 5.1847870e-03
4.6100000e+02 9.3908586e-01 5.1670573e-03
4.6200000e+02 9.3644241e-01 5.1597798e-03
4.6300000e+02 9.3007584e-01 5.1422100e-03
4.6400000e+02 9.3019381e-01 5.1425361e-03
4.6500000e+02 9.3410709e-01 5.1533420e-03
4.6600000e+02 9.2773903e-01 5.1357461e-03
4.6700000e+02 9.2624154e-01 5.1315995e-03
4.6800000e+02 9.2646633e-01 5.1322222e-03
4.6900000e+02 9.2398013e-01 5.1253313e-03
4.7000000e+02 9.1787515e-01 5.1083710e-03
4.7100000e+02 9.1348867e-01 5.0961501e-03
4.7200000e+02 9.1391898e-01 5.0973502e-03
4.7300000e+02 9.1803521e-01 5.1088164e-03
4.7400000e+02 9.1848362e-01 5.1100640e-03
4.7500000e+02 9.2285598e-01 5.1222125e-03
4.7600000e+02 9.2347583e-01 5.1239324e-03
4.7700000e+02 9.2583658e-01 5.1304776e-03
4.7800000e+02 9.1975578e-01 5.1136016e-03
4.7900000e+02 9.1803663e-01 5.1088204e-03
4.8000000e+02 9.1831862e-01 5.1096049e-03
4.8100000e+02 9.2098989e-01 5.1170311e-03
4.8200000e+02 9.2372779e-01 5.1246314e-03
4.8300000e+02 9.3452768e-01 5.1545020e-03
4.8400000e+02 9.3588212e-01 5.1582359e-03
4.8500000e+02 9.3543338e-01 5.1569992e-03
4.8600000e+02 9.3889897e-01 5.1665431e-03
4.8700000e+02 9.4014536e-01 5.1699713e-03
4.8800000e+02 9.4121225e-01 5.1729040e-03
4.8900000e+02 9.4093058e-01 5.1721299e-03
4.9000000e+02 9.3915000e-01 5.1672338e-03
4.9100000e+02 9.3754337e-01 5.1628120e-03
4.9200000e+02 9.4392952e-01 5.1803656e-03
4.9300000e+02 9.4001687e-01 5.1696180e-03
4.9400000e+02 9.4383799e-01 5.1801144e-03
4.9500000e+02 9.3936835e-01 5.1678344e-03
4.9600000e+02 9.4046678e-01 5.1708550e-03
4.9700000e+02 9.5146455e-01 5.2010010e-03
4.9800000e+02 9.5309459e-01 5.2054542e-03
4.9900000e+02 9.5258633e-01 5.2040661e-03
5.0000000e+02 9.5287334e-01 5.2048500e-03
5.0100000e+02 9.5091842e-01 5.1995081e-03
5.0200000e+02 9.5676140e-01 5.2154580e-03
5.0300000e+02 9.6302319e-01 5.2324972e-03
5.0400000e+02 9.6068613e-01 5.2261442e-03
5.0500000e+02 9.5215779e-01 5.2028954e-03
5.0600000e+02 9.4764271e-01 5.1905448e-03
5.0700000e+02 9.4730753e-01 5.1896267e-03
5.0800000e+02 9.4325252e-01 5.1785076e-03
5.0900000e+02 9.4290523e-01 5.1775542e-03
5.1000000e+02 9.4355428e-01 5.1793358e-03
5.1100000e+02 9.3655002e-01 5.1600762e-03
5.1200000e+02 9.3590259e-01 5.1582923e-03
5.1300000e+02 9.3142774e-01 5.1459459e-03
5.1400000e+02 9.2481343e-01 5.1276420e-03
5.1500000e+02 9.2298904e-01 5.1225818e-03
5.1600000e+02 9.2821928e-01 5.1370752e-03
5.1700000e+02 9.2298284e-01 5.1225646e-03
5.1800000e+02 9.2018535e-01 5.1147956e-03
5.1900000e+02 9.2276132e-01 5.1219498e-03
5.2000000e+02 9.2692004e-01 5.1334787e-03
5.2100000e+02 9.2696182e-01 5.1335944e-03
5.2200000e+02 9.3185722e-01 5.1471321e-03
5.2300000e+02 9.2947804e-01 5.1405572e-03
5.2400000e+02 9.2461797e-01 5.1271000e-03
5.2500000e+02 9.2625814e-01 5.1316455e-03
5.2600000e+02 9.2728023e-01 5.1344760e-03
5.2700000e+02 9.3164724e-01 5.1465522e-03
5.2800000e+02 9.2397839e-01 5.1253265e-03
5.2900000e+02 9.2440264e-01 5.1265030e-03
5.3000000e+02 9.2553633e-01 5.1296456e-03
5.3100000e+02 9.2545279e-01 5.1294141e-03
5.3200000e+02 9.2641092e-01 5.1320687e-03
5.3300000e+02 9.3048531e-01 5.1433418e-03
5.3400000e+02 9.3114966e-01 5.1451776e-03
5.3500000e+02 9.2801087e-01 5.1364984e-03
5.3600000e+02 9.2555730e-01 5.1297037e-03
5.3700000e+02 9.1906109e-01 5.1116701e-03
5.3800000e+02 9.1259863e-01 5.0936668e-03
5.3900000e+02 9.1229224e-01 5.0928117e-03
5.4000000e+02 9.1177591e-01 5.0913703e-03
5.4100000e+02 9.0817500e-01 5.0813066e-03
5.4200000e+02 9.0737327e-01 5.0790632e-03
5.4300000e+02 9.1281608e-01 5.0942736e-03
5.4400000e+02 9.0487237e-01 5.0720589e-03
5.4500000e+02 9.0687639e-01 5.0776724e-03
5.4600000e+02 8.9985710e-01 5.0579834e-03
5.4700000e+02 8.9926899e-01 5.0563303e-03
5.4800000e+02 8.9583450e-01 5.0466655e-03
5.4900000e+02 8.9429333e-01 5.0423226e-03
5.5000000e+02 8.9174176e-01 5.0351241e-03
5.5100000e+02 8.9191715e-01 5.0356193e-03
5.5200000e+02 8.9989853e-01 5.0580999e-03
5.5300000e+02 8.9986974e-01 5.0580190e-03
5.5400000e+02 8.9936928e-01 5.0566123e-03
5.5500000e+02 8.9824865e-01 5.0534610e-03
5.5600000e+02 8.9254103e-01 5.0373801e-03
5.5700000e+02 8.9435057e-01 5.0424839e-03
5.5800000e+02 8.8900212e-01 5.0273836e-03
5.5900000e+02 8.8108749e-01 5.0049546e-03
5.6000000e+02 8.7934390e-01 5.0000000e-03
5.6100000e+02 8.8903600e-01 5.0274794e-03
5.6200000e+02 8.9077144e-01 5.0323840e-03
5.6300000e+02 8.9128883e-01 5.0338452e-03
5.6400000e+02 8.9071033e-01 5.0322113e-03
5.6500000e+02 8.9658313e-01 5.0487737e-03
5.6600000e+02 8.8542689e-01 5.0172643e-03
5.6700000e+02 8.8697149e-01 5.0216387e-03
5.6800000e+02 8.8845993e-01 5.0258503e-03
5.6900000e+02 8.8609352e-01 5.0191527e-03
5.7000000e+02 8.8765276e-01 5.0235668e-03
5.7100000e+02 8.9303250e-01 5.0387668e-03
5.7200000e+02 8.9962762e-01 5.0573384e-03
5.7300000e+02 8.9753579e-01 5.0514553e-03
5.7400000e+02 9.0520295e-01 5.0729854e-03
5.7500000e+02 9.0524674e-01 5.0731081e-03
5.7600000e+02 9.1140037e-01 5.0903217e-03
5.7700000e+02 9.0986384e-01 5.0860290e-03
5.7800000e+02 9.1507557e-01 5.1005746e-03
5.7900000e+02 9.1984912e-01 5.1138611e-03
5.8000000e+02 9.2351268e-01 5.1240347e-03
5.8100000e+02 9.2218092e-01 5.1203388e-03
5.8200000e+02 9.2220496e-01 5.1204055e-03
5.8300000e+02 9.2625476e-01 5.1316361e-03
5.8400000e+02 9.3823167e-01 5.1647068e-03
5.8500000e+02 9.4009158e-01 5.1698234e-03
5.8600000e+02 9.4654440e-01 5.1875360e-03
5.8700000e+02 9.4942430e-01 5.1954217e-03
5.8800000e+02 9.5027755e-01 5.1977557e-03
5.8900000e+02 9.5016773e-01 5.1974553e-03
5.9000000e+02 9.4460070e-01 5.1822070e-03
5.9100000e+02 9.4701345e-01 5.1888212e-03
5.9200000e+02 9.5053929e-01 5.1984715e-03
5.9300000e+02 9.4840686e-01 5.1926371e-03
5.9400000e+02 9.5719170e-01 5.2166307e-03
5.9500000e+02 9.5537912e-01 5.2116891e-03
5.9600000e+02 9.5924030e-01 5.2222101e-03
5.9700000e+02 9.5227361e-01 5.2032118e-03
5.9800000e+02 9.5581577e-01 5.2128799e-03
5.9900000e+02 9.5756213e-01 5.2176400e-03
6.0000000e+02 9.5167155e-01 5.2015667e-03
6.0100000e+02 9.5416555e-01 5.2083780e-03
6.0200000e+02 9.5827232e-01 5.2195745e-03
6.0300000e+02 9.5626904e-01 5.2141158e-03
6.0400000e+02 9.5428797e-01 5.2087121e-03
6.0500000e+02 9.4873026e-01 5.1935224e-03
6.0600000e+02 9.4629317e-01 5.1868475e-03
6.0700000e+02 9.3344143e-01 5.1515055e-03
6.0800000e+02 9.3200466e-01 5.1475393e-03
6.0900000e+02 9.3000671e-01 5.1420189e-03
6.1000000e+02 9.4102500e-01 5.1723894e-03
6.1100000e+02 9.3833166e-01 5.1649820e-03
6.1200000e+02 9.3766826e-01 5.1631559e-03
6.1300000e+02 9.4226404e-01 5.1757935e-03
6.1400000e+02 9.3608413e-01 5.1587926e-03
6.1500000e+02 9.3353975e-01 5.1517768e-03
6.1600000e+02 9.2546428e-01 5.1294460e-03
6.1700000e+02 9.2222100e-01 5.1204500e-03
6.1800000e+02 9.1946430e-01 5.1127913e-03
6.1900000e+02 9.2493058e-01 5.1279667e-03
6.2000000e+02 9.2959503e-01 5.1408807e-03
6.2100000e+02 9.2561456e-01 5.1298624e-03
6.2200000e+02 9.2891517e-01 5.1390005e-03
6.2300000e+02 9.3180514e-01 5.1469883e-03
6.2400000e+02 9.3134842e-01 5.1457267e-03
6.2500000e+02 9.3221901e-01 5.1481312e-03
6.2600000e+02 9.3040242e-01 5.1431127e-03
6.2700000e+02 9.3930844e-01 5.1676696e-03
6.2800000e+02 9.4502891e-01 5.1833815e-03
6.2900000e+02 9.4430163e-01 5.1813866e-03
6.3000000e+02 9.4719024e-01 5.1893055e-03
6.3100000e+02 9.4744737e-01 5.1900098e-03
6.3200000e+02 9.4496159e-01 5.1831969e-03
6.3300000e+02 9.4684951e-01 5.1883720e-03
6.3400000e+02 9.5587923e-01 5.2130530e-03
6.3500000e+02 9.6412715e-01 5.2354954e-03
6.3600000e+02 9.6083981e-01 5.2265622e-03
6.3700000e+02 9.5488023e-01 5.2103282e-03
6.3800000e+02 9.5189516e-01 5.2021778e-03
6.3900000e+02 9.5326208e-01 5.2059116e-03
6.4000000e+02 9.5074578e-01 5.1990361e-03
6.4100000e+02 9.4771586e-01 5.1907451e-03
6.4200000e+02 9.4796423e-01 5.1914252e-03
6.4300000e+02 9.4459922e-01 5.1822030e-03
6.4400000e+02 9.4680991e-01 5.1882635e-03
6.4500000e+02 9.4632497e-01 5.1869347e-03
6.4600000e+02 9.3667224e-01 5.1604129e-03
6.4700000e+02 9.3698950e-01 5.1612868e-03
6.4800000e+02 9.3922307e-01 5.1674348e-03
6.4900000e+02 9.3375057e-01 5.1523584e-03
6.5000000e+02 9.3331258e-01 5.1511499e-03
6.5100000e+02 9.3243906e-01 5.1487388e-03
6.5200000e+02 9.3322079e-01 5.1508966e-03
6.5300000e+02 9.3547962e-01 5.1571266e-03
6.5400000e+02 9.3166703e-01 5.1466068e-03
6.5500000e+02 9.2964994e-01 5.1410325e-03
6.5600000e+02 9.2656195e-01 5.1324870e-03
6.5700000e+02 9.3416299e-01 5.1534962e-03
6.5800000e+02 9.4130586e-01 5.1731612e-03
6.5900000e+02 9.3806133e-01 5.1642380e-03
6.6000000e+02 9.3236902e-01 5.1485454e-03
6.6100000e+02 9.3444638e-01 5.1542778e-03
6.6200000e+02 9.4224686e-01 5.1757463e-03
6.6300000e+02 9.4239834e-01 5.1761623e-03
6.6400000e+02 9.4312245e-01 5.1781505e-03
6.6500000e+02 9.3953834e-01 5.1683020e-03
6.6600000e+02 9.4107723e-01 5.1725329e-03
6.6700000e+02 9.4093391e-01 5.1721390e-03
6.6800000e+02 9.4155349e-01 5.1738416e-03
6.6900000e+02 9.3379324e-01 5.1524762e-03
6.7000000e+02 9.3756433e-01 5.1628697e-03
6.7100000e+02 9.3092073e-01 5.1445451e-03
6.7200000e+02 9.3354710e-01 5.1517970e-03
6.7300000e+02 9.4170477e-01 5.1742572e-03
6.7400000e+02 9.5121339e-01 5.2003144e-03
6.7500000e+02 9.4622601e-01 5.1866634e-03
6.7600000e+02 9.3964921e-01 5.1686069e-03
6.7700000e+02 9.3860143e-01 5.1657244e-03
6.7800000e+02 9.3750134e-01 5.1626963e-03
6.7900000e+02 9.4566327e-01 5.1851209e-03
6.8000000e+02 9.4690972e-01 5.1885370e-03
6.8100000e+02 9.4835209e-01 5.1924872e-03
6.8200000e+02 9.5773195e-01 5.2181026e-03
6.8300000e+02 9.6144461e-01 5.2282069e-03
6.8400000e+02 9.5555128e-01 5.2121587e-03
6.8500000e+02 9.5403148e-01 5.2080120e-03
6.8600000e+02 9.4618727e-01 5.1865573e-03
6.8700000e+02 9.4417465e-01 5.1810382e-03
6.8800000e+02 9.3938254e-01 5.1678734e-03
6.8900000e+02 9.3386223e-01 5.1526665e-03
6.9000000e+02 9.4115625e-01 5.1727501e-03
6.9100000e+02 9.3748734e-01 5.1626578e-03
6.9200000e+02 9.4208089e-01 5.1752904e-03
6.9300000e+02 9.4219922e-01 5.1756154e-03
6.9400000e+02 9.5294478e-01 5.2050451e-03
6.9500000e+02 9.4805575e-01 5.1916758e-03
6.9600000e+02 9.4232798e-01 5.1759690e-03
6.9700000e+02 9.3709827e-01 5.1615863e-03
6.9800000e+02 9.2966910e-01 5.1410855e-03
6.9900000e+02 9.2946293e-01 5.1405154e-03
7.0000000e+02 9.3325152e-01 5.1509814e-03
7.0100000e+02 9.3226096e-01 5.1482470e-03
7.0200000e+02 9.2927567e-01 5.1399975e-03
7.0300000e+02 9.2455224e-01 5.1269178e-03
7.0400000e+02 9.1711365e-01 5.1062516e-03
7.0500000e+02 9.1994956e-01 5.1141403e-03
7.0600000e+02 9.1419960e-01 5.0981328e-03
7.0700000e+02 9.1322837e-01 5.0954240e-03
7.0800000e+02 9.1887204e-01 5.1111444e-03
7.0900000e+02 9.2332467e-01 5.1235131e-03
7.1000000e+02 9.2868732e-01 5.1383701e-03
7.1100000e+02 9.2855867e-01 5.1380142e-03
7.1200000e+02 9.2559889e-01 5.1298190e-03
7.1300000e+02 9.2238099e-01 5.1208942e-03
7.1400000e+02 9.2335742e-01 5.1236039e-03
7.1500000e+02 9.2041796e-01 5.1154421e-03
7.1600000e+02 9.1553535e-01 5.1018559e-03
7.1700000e+02 9.1567233e-01 5.1022375e-03
7.1800000e+02 9.1732932e-01 5.1068519e-03
7.1900000e+02 9.1594811e-01 5.1030058e-03
7.2000000e+02 9.1982104e-01 5.1137830e-03
7.2100000e+02 9.2847191e-01 5.1377742e-03
7.2200000e+02 9.3500939e-01 5.1558303e-03
7.2300000e+02 9.2941738e-01 5.1403894e-03
7.2400000e+02 9.3617011e-01 5.1590295e-03
7.2500000e+02 9.3287697e-01 5.1499477e-03
7.2600000e+02 9.3774510e-01 5.1633674e-03
7.2700000e+02 9.3950572e-01 5.1682123e-03
7.2800000e+02 9.3923463e-01 5.1674666e-03
7.2900000e+02 9.3916981e-01 5.1672883e-03
7.3000000e+02 9.3639364e-01 5.1596454e-03
7.3100000e+02 9.3693721e-01 5.1611428e-03
7.3200000e+02 9.3486007e-01 5.1554186e-03
7.3300000e+02 9.3612067e-01 5.1588933e-03
7.3400000e+02 9.3626655e-01 5.1592953e-03
7.3500000e+02 9.4003076e-01 5.1696562e-03
7.3600000e+02 9.3770807e-01 5.1632655e-03
7.3700000e+02 9.3778985e-01 5.1634906e-03
7.3800000e+02 9.3387084e-01 5.1526903e-03
7.3900000e+02 9.3447485e-01 5.1543563e-03
7.4000000e+02 9.3761811e-01 5.1630178e-03
7.4100000e+02 9.3618014e-01 5.1590572e-03
7.4200000e+02 9.3353444e-01 5.1517621e-03
7.4300000e+02 9.3425365e-01 5.1537462e-03
7.4400000e+02 9.2563286e-01 5.1299131e-03
7.4500000e+02 9.2297360e-01 5.1225389e-03
7.4600000e+02 9.2565153e-01 5.1299649e-03
7.4700000e+02 9.2951387e-01 5.1406563e-03
7.4800000e+02 9.3301651e-01 5.1503328e-03
7.4900000e+02 9.3284829e-01 5.1498685e-03
7.5000000e+02 9.3568456e-01 5.1576915e-03
7.5100000e+02 9.4290628e-01 5.1775570e-03
7.5200000e+02 9.3571302e-01 5.1577699e-03
7.5300000e+02 9.3834204e-01 5.1650106e-03
7.5400000e+02 9.3050031e-01 5.1433833e-03
7.5500000e+02 9.2750145e-01 5.1350884e-03
7.5600000e+02 9.2121621e-01 5.1176598e-03
7.5700000e+02 9.2207983e-01 5.1200581e-03
7.5800000e+02 9.3083960e-01 5.1443209e-03
7.5900000e+02 9.2929009e-01 5.1400374e-03
7.6000000e+02 9.2448095e-01 5.1267201e-03
7.6100000e+02 9.2683957e-01 5.1332559e-03
7.6200000e+02 9.3566532e-01 5.1576384e-03
7.6300000e+02 9.2696936e-01 5.1336153e-03
7.6400000e+02 9.2901114e-01 5.1392659e-03
7.6500000e+02 9.2511335e-01 5.1284734e-03
7.6600000e+02 9.2245261e-01 5.1210930e-03
7.6700000e+02 9.2327142e-01 5.1233653e-03
7.6800000e+02 9.2320996e-01 5.1231948e-03
7.6900000e+02 9.2000881e-01 5.1143050e-03
7.7000000e+02 9.2479237e-01 5.1275836e-03
7.7100000e+02 9.2791613e-01 5.1362362e-03
7.7200000e+02 9.2175687e-01 5.1191614e-03
7.7300000e+02 9.2352640e-01 5.1240727e-03
7.7400000e+02 9.2593607e-01 5.1307533e-03
7.7500000e+02 9.2651940e-01 5.1323692e-03
7.7600000e+02 9.2088685e-01 5.1167449e-03
7.7700000e+02 9.0854205e-01 5.0823333e-03
7.7800000e+02 9.0366710e-01 5.0686799e-03
7.7900000e+02 9.1075202e-01 5.0885108e-03
7.8000000e+02 9.0997163e-01 5.0863302e-03
7.8100000e+02 9.0373665e-01 5.0688749e-03
7.8200000e+02 9.0792188e-01 5.0805984e-03
7.8300000e+02 9.1536601e-01 5.1013840e-03
7.8400000e+02 9.1463161e-01 5.0993372e-03
7.8500000e+02 9.0768888e-01 5.0799465e-03
7.8600000e+02 9.0337859e-01 5.0678707e-03
7.8700000e+02 9.1107356e-01 5.0894090e-03
7.8800000e+02 9.1055115e-01 5.0879496e-03
7.8900000e+02 9.1382595e-01 5.0970908e-03
7.9000000e+02 9.1442125e-01 5.0987508e-03
7.9100000e+02 9.0806431e-01 5.0809969e-03
7.9200000e+02 9.1080835e-01 5.0886681e-03
7.9300000e+02 9.1750777e-01 5.1073486e-03
7.9400000e+02 9.1776846e-01 5.1080741e-03
7.9500000e+02 9.2162679e-01 5.1188001e-03
7.9600000e+02 9.1670173e-01 5.1051047e-03
7.9700000e+02 9.2315837e-01 5.1230517e-03
7.9800000e+02 9.2255580e-01 5.1213794e-03
7.9900000e+02 9.2113900e-01 5.1174453e-03
8.0000000e+02 9.2223028e-01 5.1204758e-03
8.0100000e+02 9.2481320e-01 5.1276413e-03
8.0200000e+02 9.2213965e-01 5.1202242e-03
8.0300000e+02 9.2292304e-01 5.1223986e-03
8.0400000e+02 9.2854418e-01 5.1379742e-03
8.0500000e+02 9.2589178e-01 5.1306305e-03
8.0600000e+02 9.2260740e-01 5.1215226e-03
8.0700000e+02 9.3047786e-01 5.1433212e-03
8.0800000e+02 9.2766308e-01 5.1355359e-03
8.0900000e+02 9.2639278e-01 5.1320184e-03
8.1000000e+02 9.2763060e-01 5.1354459e-03
8.1100000e+02 9.3156848e-01 5.1463346e-03
8.1200000e+02 9.2393602e-01 5.1252090e-03
8.1300000e+02 9.2941881e-01 5.1403934e-03
8.1400000e+02 9.1856218e-01 5.1102825e-03
8.1500000e+02 9.1770007e-01 5.1078838e-03
8.1600000e+02 9.1330790e-01 5.0956458e-03
8.1700000e+02 9.1653382e-01 5.1046371e-03
8.1800000e+02 9.1902366e-01 5.1115660e-03
8.1900000e+02 9.2565405e-01 5.1299718e-03
8.2000000e+02 9.1502180e-01 5.1004248e-03
8.2100000e+02 9.0862833e-01 5.0825746e-03
8.2200000e+02 9.0471963e-01 5.0716309e-03
8.2300000e+02 9.0860204e-01 5.0825011e-03
8.2400000e+02 9.1089583e-01 5.0889125e-03
8.2500000e+02 9.1563774e-01 5.1021412e-03
8.2600000e+02 9.2387378e-01 5.1250363e-03
8.2700000e+02 9.1884167e-01 5.1110599e-03
8.2800000e+02 9.2377979e-01 5.1247756e-03
8.2900000e+02 9.2576922e-01 5.1302910e-03
8.3000000e+02 9.1860197e-01 5.1103932e-03
8.3100000e+02 9.0820952e-01 5.0814032e-03
8.3200000e+02 9.1596336e-01 5.1030483e-03
8.3300000e+02 9.2377125e-01 5.1247519e-03
8.3400000e+02 9.2471410e-01 5.1273666e-03
8.3500000e+02 9.2175214e-01 5.1191482e-03
8.3600000e+02 9.2037430e-01 5.1153207e-03
8.3700000e+02 9.2587457e-01 5.1305829e-03
8.3800000e+02 9.2929163e-01 5.1400417e-03
8.3900000e+02 9.2537119e-01 5.1291880e-03
8.4000000e+02 9.2209446e-01 5.1200987e-03
8.4100000e+02 9.2054589e-01 5.1157975e-03
8.4200000e+02 9.1835157e-01 5.1096966e-03
8.4300000e+02 9.0820013e-01 5.0813769e-03
8.4400000e+02 9.0517589e-01 5.0729095e-03
8.4500000e+02 9.0566137e-01 5.0742697e-03
8.4600000e+02 9.1224573e-01 5.0926819e-03
8.4700000e+02 9.0737560e-01 5.0790698e-03
8.4800000e+02 9.0486962e-01 5.0720512e-03
8.4900000e+02 8.9955931e-01 5.0571464e-03
8.5000000e+02 9.0996225e-01 5.0863040e-03
8.5100000e+02 9.1283981e-01 5.0943399e-03
8.5200000e+02 9.1126901e-01 5.0899548e-03
8.5300000e+02 9.0953897e-01 5.0851209e-03
8.5400000e+02 9.0682059e-01 5.0775162e-03
8.5500000e+02 9.1413379e-01 5.0979493e-03
8.5600000e+02 9.1399352e-01 5.0975581e-03
8.5700000e+02 9.1607367e-01 5.1033556e-03
8.5800000e+02 9.1760804e-01 5.1076277e-03
8.5900000e+02 9.1541438e-01 5.1015188e-03
8.6000000e+02 9.2259577e-01 5.1214903e-03
8.6100000e+02 9.3232578e-01 5.1484260e-03
8.6200000e+02 9.3215697e-01 5.1479599e-03
8.6300000e+02 9.3430763e-01 5.1538951e-03
8.6400000e+02 9.3493287e-01 5.1556193e-03
8.6500000e+02 9.4166634e-01 5.1741516e-03
8.6600000e+02 9.4637615e-01 5.1870749e-03
8.6700000e+02 9.5057837e-01 5.1985783e-03
8.6800000e+02 9.4506738e-01 5.1834870e-03
8.6900000e+02 9.4042366e-01 5.1707364e-03
8.7000000e+02 9.3780621e-01 5.1635357e-03
8.7100000e+02 9.4275553e-01 5.1771431e-03
8.7200000e+02 9.3551200e-01 5.1572158e-03
8.7300000e+02 9.3579637e-01 5.1579996e-03
8.7400000e+02 9.2983731e-01 5.1415506e-03
8.7500000e+02 9.3335947e-01 5.1512793e-03
8.7600000e+02 9.3384239e-01 5.1526118e-03
8.7700000e+02 9.3492611e-01 5.1556007e-03
8.7800000e+02 9.2973906e-01 5.1412789e-03
8.7900000e+02 9.2470466e-01 5.1273404e-03
8.8000000e+02 9.1808838e-01 5.1089644e-03
8.8100000e+02 9.1653624e-01 5.1046439e-03
8.8200000e+02 9.1908262e-01 5.1117300e-03
8.8300000e+02 9.1722334e-01 5.1065569e-03
8.8400000e+02 9.2139876e-01 5.1181669e-03
8.8500000e+02 9.1926904e-01 5.1122484e-03
8.8600000e+02 9.1909670e-01 5.1117692e-03
8.8700000e+02 9.2111106e-01 5.1173677e-03
8.8800000e+02 9.2535844e-01 5.1291526e-03
8.8900000e+02 9.2579572e-01 5.1303644e-03
8.9000000e+02 9.2989948e-01 5.1417224e-03
8.9100000e+02 9.2991037e-01 5.1417526e-03
8.9200000e+02 9.3419453e-01 5.1535831e-03
8.9300000e+02 9.3735570e-01 5.1622953e-03
8.9400000e+02 9.3323966e-01 5.1509487e-03
8.9500000e+02 9.3827204e-01 5.1648179e-03
8.9600000e+02 9.4071410e-01 5.1715349e-03
8.9700000e+02 9.4319341e-01 5.1783453e-03
8.9800000e+02 9.3184339e-01 5.1470939e-03
8.9900000e+02 9.3581903e-01 5.1580621e-03
9.0000000e+02 9.4276075e-01 5.1771575e-03
9.0100000e+02 9.4215692e-01 5.1754992e-03
9.0200000e+02 9.4033362e-01 5.1704889e-03
9.0300000e+02 9.4432076e-01 5.1814391e-03
9.0400000e+02 9.5305990e-01 5.2053595e-03
9.0500000e+02 9.5183906e-01 5.2020244e-03
9.0600000e+02 9.4253178e-01 5.1765287e-03
9.0700000e+02 9.4746780e-01 5.1900657e-03
9.0800000e+02 9.3879502e-01 5.1662571e-03
9.0900000e+02 9.4154734e-01 5.1738247e-03
9.1000000e+02 9.4206870e-01 5.1752569e-03
9.1100000e+02 9.4651539e-01 5.1874565e-03
9.1200000e+02 9.4752230e-01 5.1902150e-03
9.1300000e+02 9.4662193e-01 5.1877484e-03
9.1400000e+02 9.5196409e-01 5.2023661e-03
9.1500000e+02 9.4898286e-01 5.1942137e-03
9.1600000e+02 9.4153179e-01 5.1737820e-03
9.1700000e+02 9.4115758e-01 5.1727537e-03
9.1800000e+02 9.2889937e-01 5.1389568e-03
9.1900000e+02 9.2833606e-01 5.1373983e-03
9.2000000e+02 9.2710457e-01 5.1339896e-03
9.2100000e+02 9.3007687e-01 5.1422129e-03
9.2200000e+02 9.3835281e-01 5.1650402e-03
9.2300000e+02 9.4352049e-01 5.1792431e-03
9.2400000e+02 9.5212568e-01 5.2028076e-03
9.2500000e+02 9.5715838e-01 5.2165399e-03
9.2600000e+02 9.4897671e-01 5.1941969e-03
9.2700000e+02 9.4910896e-01 5.1945588e-03
9.2800000e+02 9.4910907e-01 5.1945591e-03
9.2900000e+02 9.5496509e-01 5.2105597e-03
9.3000000e+02 9.4519329e-01 5.1838323e-03
9.3100000e+02 9.5358721e-01 5.2067993e-03
9.3200000e+02 9.5949472e-01 5.2229025e-03
9.3300000e+02 9.6094828e-01 5.2268572e-03
9.3400000e+02 9.7402435e-01 5.2622992e-03
9.3500000e+02 9.6659638e-01 5.2421955e-03
9.3600000e+02 9.6366336e-01 5.2342360e-03
9.3700000e+02 9.6572455e-01 5.2398308e-03
9.3800000e+02 9.7439416e-01 5.2632981e-03
9.3900000e+02 9.7167089e-01 5.2559379e-03
9.4000000e+02 9.7548406e-01 5.2662409e-03
9.4100000e+02 9.7358487e-01 5.2611119e-03
9.4200000e+02 9.7350033e-01 5.2608834e-03
9.4300000e+02 9.7754002e-01 5.2717876e-03
9.4400000e+02 9.7184088e-01 5.2563976e-03
9.4500000e+02 9.7243702e-01 5.2580095e-03
9.4600000e+02 9.6795240e-01 5.2458713e-03
9.4700000e+02 9.7134344e-01 5.2550522e-03
9.4800000e+02 9.6927915e-01 5.2494652e-03
9.4900000e+02 9.5985900e-01 5.2238939e-03
9.5000000e+02 9.5480186e-01 5.2101144e-03
9.5100000e+02 9.5217868e-01 5.2029524e-03
9.5200000e+02 9.4886293e-01 5.1938855e-03
9.5300000e+02 9.4764159e-01 5.1905417e-03
9.5400000e+02 9.4394277e-01 5.1804020e-03
9.5500000e+02 9.5540620e-01 5.2117630e-03
9.5600000e+02 9.5193118e-01 5.2022762e-03
9.5700000e+02 9.5791921e-01 5.2186127e-03
9.5800000e+02 9.6049763e-01 5.2256315e-03
9.5900000e+02 9.5422217e-01 5.2085325e-03
9.6000000e+02 9.5405074e-01 5.2080646e-03
9.6100000e+02 9.5006313e-01 5.1971692e-03
9.6200000e+02 9.5563659e-01 5.2123913e-03
9.6300000e+02 9.5571709e-01 5.2126109e-03
9.6400000e+02 9.5660915e-01 5.2150430e-03
9.6500000e+02 9.5665752e-01 5.2151748e-03
9.6600000e+02 9.6740984e-01 5.2444008e-03
9.6700000e+02 9.6506351e-01 5.2380372e-03
9.6800000e+02 9.7181471e-01 5.2563268e-03
9.6900000e+02 9.5812744e-01 5.2191799e-03
9.7000000e+02 9.5676203e-01 5.2154597e-03
9.7100000e+02 9.5399143e-01 5.2079027e-03
9.7200000e+02 9.5298660e-01 5.2051593e-03
9.7300000e+02 9.5481721e-01 5.2101562e-03
9.7400000e+02 9.4194792e-01 5.1749252e-03
9.7500000e+02 9.4419714e-01 5.1810999e-03
9.7600000e+02 9.4120035e-01 5.1728712e-03
9.7700000e+02 9.3271987e-01 5.1495140e-03
9.7800000e+02 9.2936617e-01 5.1402478e-03
9.7900000e+02 9.2813620e-01 5.1368453e-03
9.8000000e+02 9.2749950e-01 5.1350830e-03
9.8100000e+02 9.2726539e-01 5.1344349e-03
9.8200000e+02 9.2613162e-01 5.1312950e-03
9.8300000e+02 9.2607437e-01 5.1311364e-03
9.8400000e+02 9.3136876e-01 5.1457829e-03
9.8500000e+02 9.3096296e-01 5.1446618e-03
9.8600000e+02 9.3443074e-01 5.1542347e-03
9.8700000e+02 9.3074959e-01 5.1440722e-03
9.8800000e+02 9.3794943e-01 5.1639299e-03
9.8900000e+02 9.4090394e-01 5.1720566e-03
9.9000000e+02 9.3784121e-01 5.1636320e-03
9.9100000e+02 9.4355269e-01 5.1793315e-03
9.9200000e+02 9.3590281e-01 5.1582930e-03
9.9300000e+02 9.4029475e-01 5.1703820e-03
9.9400000e+02 9.4803192e-01 5.1916106e-03
9.9500000e+02 9.4361162e-01 5.1794932e-03
9.9600000e+02 9.4275908e-01 5.1771529e-03
9.9700000e+02 9.4257213e-01 5.1766395e-03
9.9800000e+02 9.4716260e-01 5.1892297e-03
9.9900000e+02 9.4649138e-01 5.1873907e-03
1.0000000e+03 9.4812338e-01 5.1918610e-03
