1.0000000e+00 9.6090208e-01 5.1106709e-03
2.0000000e+00 9.6530186e-01 5.1223579e-03
3.0000000e+00 9.6849779e-01 5.1308304e-03
4.0000000e+00 9.6837301e-01 5.1304999e-03
5.0000000e+00 9.7184514e-01 5.1396895e-03
6.0000000e+00 9.7036181e-01 5.1357656e-03
7.0000000e+00 9.6620305e-01 5.1247484e-03
8.0000000e+00 9.6584305e-01 5.1237936e-03
9.0000000e+00 9.6652570e-01 5.1256040e-03
1.0000000e+01 9.7052262e-01 5.1361911e-03
1.1000000e+01 9.7277076e-01 5.1421365e-03
1.2000000e+01 9.7525346e-01 5.1486941e-03
1.3000000e+01 9.7181359e-01 5.1396060e-03
1.4000000e+01 9.6689273e-01 5.1265771e-03
1.5000000e+01 9.6628907e-01 5.1249765e-03
1.6000000e+01 9.6520457e-01 5.1220997e-03
1.7000000e+01 9.6312766e-01 5.1165859e-03
1.8000000e+01 9.6328917e-01 5.1170149e-03
1.9000000e+01 9.6119746e-01 5.1114563e-03
2.0000000e+01 9.6407071e-01 5.1190903e-03
2.1000000e+01 9.6027242e-01 5.1089961e-03
2.2000000e+01 9.5832809e-01 5.1038212e-03
2.3000000e+01 9.5936475e-01 5.1065810e-03
2.4000000e+01 9.6128016e-01 5.1116762e-03
2.5000000e+01 9.6057241e-01 5.1097941e-03
2.6000000e+01 9.5551666e-01 5.0963292e-03
2.7000000e+01 9.4989690e-01 5.0813204e-03
2.8000000e+01 9.4891753e-01 5.0787002e-03
2.9000000e+01 9.4907333e-01 5.0791171e-03
3.0000000e+01 9.4911495e-01 5.0792285e-03
3.1000000e+01 9.4944718e-01 5.0801174e-03
3.2000000e+01 9.5088902e-01 5.0839733e-03
3.3000000e+01 9.5225944e-01 5.0876355e-03
3.4000000e+01 9.5424195e-01 5.0929287e-03
3.5000000e+01 9.5237022e-01 5.0879314e-03
3.6000000e+01 9.5144245e-01 5.0854526e-03
3.7000000e+01 9.5381587e-01 5.0917916e-03
3.8000000e+01 9.5187575e-01 5.0866104e-03
3.9000000e+01 9.5046326e-01 5.0828350e-03
4.0000000e+01 9.5120861e-01 5.0848276e-03
4.1000000e+01 9.5668747e-01 5.0994506e-03
4.2000000e+01 9.5839572e-01 5.1040013e-03
4.3000000e+01 9.6162905e-01 5.1126037e-03
4.4000000e+01 9.5882490e-01 5.1051440e-03
4.5000000e+01 9.5850594e-01 5.1042948e-03
4.6000000e+01 9.6443555e-01 5.1200588e-03
4.7000000e+01 9.6094910e-01 5.1107959e-03
4.8000000e+01 9.6093334e-01 5.1107540e-03
4.9000000e+01 9.5989534e-01 5.1079929e-03
5.0000000e+01 9.5881897e-01 5.1051282e-03
5.1000000e+01 9.6124775e-01 5.1115900e-03
5.2000000e+01 9.6063269e-01 5.1099544e-03
5.3000000e+01 9.6506982e-01 5.1217422e-03
5.4000000e+01 9.6403895e-01 5.1190060e-03
5.5000000e+01 9.6323397e-01 5.1168683e-03
5.6000000e+01 9.6293286e-01 5.1160685e-03
5.7000000e+01 9.6194829e-01 5.1134523e-03
5.8000000e+01 9.6374011e-01 5.1182125e-03
5.9000000e+01 9.6407719e-01 5.1191075e-03
6.0000000e+01 9.6145103e-01 5.1121305e-03
6.1000000e+01 9.6383379e-01 5.1184612e-03
6.2000000e+01 9.6748110e-01 5.1281367e-03
6.3000000e+01 9.6945438e-01 5.1333637e-03
6.4000000e+01 9.6939658e-01 5.1332107e-03
6.5000000e+01 9.6948356e-01 5.1334409e-03
6.6000000e+01 9.7061798e-01 5.1364434e-03
6.7000000e+01 9.7395329e-01 5.1452610e-03
6.8000000e+01 9.6844579e-01 5.1306927e-03
6.9000000e+01 9.7294527e-01 5.1425977e-03
7.0000000e+01 9.7368063e-01 5.1445407e-03
7.1000000e+01 9.7195866e-01 5.1399896e-03
7.2000000e+01 9.6932610e-01 5.1330241e-03
7.3000000e+01 9.7548621e-01 5.1493085e-03
7.4000000e+01 9.7215491e-01 5.1405085e-03
7.5000000e+01 9.7091084e-01 5.1372183e-03
7.6000000e+01 9.7426964e-01 5.1460966e-03
7.7000000e+01 9.7429986e-01 5.1461763e-03
7.8000000e+01 9.7767148e-01 5.1550730e-03
7.9000000e+01 9.7994087e-01 5.1610526e-03
8.0000000e+01 9.8104353e-01 5.1639554e-03
8.1000000e+01 9.8001219e-01 5.1612404e-03
8.2000000e+01 9.7813230e-01 5.1562877e-03
8.3000000e+01 9.7851967e-01 5.1573087e-03
8.4000000e+01 9.7957481e-01 5.1600885e-03
8.5000000e+01 9.8022164e-01 5.1617918e-03
8.6000000e+01 9.8169828e-01 5.1656783e-03
8.7000000e+01 9.8034310e-01 5.1621116e-03
8.8000000e+01 9.7863751e-01 5.1576192e-03
8.9000000e+01 9.7894866e-01 5.1584391e-03
9.0000000e+01 9.8299199e-01 5.1690810e-03
9.1000000e+01 9.8240420e-01 5.1675353e-03
9.2000000e+01 9.8519680e-01 5.1748747e-03
9.3000000e+01 9.8505744e-01 5.1745087e-03
9.4000000e+01 9.8590703e-01 5.1767397e-03
9.5000000e+01 9.8523165e-01 5.1749663e-03
9.6000000e+01 9.8654212e-01 5.1784068e-03
9.7000000e+01 9.8351674e-01 5.1704605e-03
9.8000000e+01 9.7687915e-01 5.1529837e-03
9.9000000e+01 9.7462752e-01 5.1470416e-03
1.0000000e+02 9.7383815e-01 5.1449568e-03
1.0100000e+02 9.7274289e-01 5.1420628e-03
1.0200000e+02 9.7079473e-01 5.1369111e-03
1.0300000e+02 9.7017749e-01 5.1352778e-03
1.0400000e+02 9.6981503e-01 5.1343184e-03
1.0500000e+02 9.6815710e-01 5.1299279e-03
1.0600000e+02 9.6823290e-01 5.1301287e-03
1.0700000e+02 9.6995895e-01 5.1346994e-03
1.0800000e+02 9.6796514e-01 5.1294193e-03
1.0900000e+02 9.6987480e-01 5.1344766e-03
1.1000000e+02 9.6831090e-01 5.1303354e-03
1.1100000e+02 9.7130978e-01 5.1382736e-03
1.1200000e+02 9.7046025e-01 5.1360261e-03
1.1300000e+02 9.7107853e-01 5.1376619e-03
1.1400000e+02 9.7355702e-01 5.1442142e-03
1.1500000e+02 9.7645772e-01 5.1518720e-03
1.1600000e+02 9.7598988e-01 5.1506377e-03
1.1700000e+02 9.7307433e-01 5.1429388e-03
1.1800000e+02 9.7289541e-01 5.1424659e-03
1.1900000e+02 9.7243985e-01 5.1412618e-03
1.2000000e+02 9.7044282e-01 5.1359800e-03
1.2100000e+02 9.6918223e-01 5.1326431e-03
1.2200000e+02 9.6549385e-01 5.1228672e-03
1.2300000e+02 9.6360922e-01 5.1178649e-03
1.2400000e+02 9.6400375e-01 5.1189125e-03
1.2500000e+02 9.6436358e-01 5.1198678e-03
1.2600000e+02 9.6507397e-01 5.1217532e-03
1.2700000e+02 9.6164104e-01 5.1126356e-03
1.2800000e+02 9.6254411e-01 5.1150356e-03
1.2900000e+02 9.6053065e-01 5.1096830e-03
1.3000000e+02 9.5717191e-01 5.1007415e-03
1.3100000e+02 9.5758155e-01 5.1018329e-03
1.3200000e+02 9.5773600e-01 5.1022443e-03
1.3300000e+02 9.6043446e-01 5.1094272e-03
1.3400000e+02 9.5794642e-01 5.1028048e-03
1.3500000e+02 9.5504011e-01 5.0950582e-03
1.3600000e+02 9.5828858e-01 5.1037160e-03
1.3700000e+02 9.5307849e-01 5.0898230e-03
1.3800000e+02 9.5436733e-01 5.0932633e-03
1.3900000e+02 9.5477770e-01 5.0943582e-03
1.4000000e+02 9.5569291e-01 5.0967992e-03
1.4100000e+02 9.6001609e-01 5.1083142e-03
1.4200000e+02 9.5761078e-01 5.1019108e-03
1.4300000e+02 9.6113417e-01 5.1112880e-03
1.4400000e+02 9.6525866e-01 5.1222432e-03
1.4500000e+02 9.6429732e-01 5.1196919e-03
1.4600000e+02 9.5924877e-01 5.1062723e-03
1.4700000e+02 9.6186376e-01 5.1132276e-03
1.4800000e+02 9.5925764e-01 5.1062959e-03
1.4900000e+02 9.6228177e-01 5.1143386e-03
1.5000000e+02 9.5898480e-01 5.1055697e-03
1.5100000e+02 9.5784883e-01 5.1025449e-03
1.5200000e+02 9.5768428e-01 5.1021065e-03
1.5300000e+02 9.5857426e-01 5.1044767e-03
1.5400000e+02 9.5712466e-01 5.1006156e-03
1.5500000e+02 9.5352122e-01 5.0910050e-03
1.5600000e+02 9.4948872e-01 5.0802285e-03
1.5700000e+02 9.4953768e-01 5.0803595e-03
1.5800000e+02 9.5046014e-01 5.0828267e-03
1.5900000e+02 9.5044583e-01 5.0827884e-03
1.6000000e+02 9.5165755e-01 5.0860274e-03
1.6100000e+02 9.4998154e-01 5.0815468e-03
1.6200000e+02 9.5110661e-01 5.0845550e-03
1.6300000e+02 9.5707524e-01 5.1004840e-03
1.6400000e+02 9.5749872e-01 5.1016122e-03
1.6500000e+02 9.5682109e-01 5.0998067e-03
1.6600000e+02 9.5866160e-01 5.1047093e-03
1.6700000e+02 9.5608487e-01 5.0978443e-03
1.6800000e+02 9.5543271e-01 5.0961054e-03
1.6900000e+02 9.5362885e-01 5.0912923e-03
1.7000000e+02 9.5484116e-01 5.0945275e-03
1.7100000e+02 9.5517653e-01 5.0954221e-03
1.7200000e+02 9.5545608e-01 5.0961677e-03
1.7300000e+02 9.5510584e-01 5.0952335e-03
1.7400000e+02 9.5999848e-01 5.1082673e-03
1.7500000e+02 9.6701372e-01 5.1268978e-03
1.7600000e+02 9.6684350e-01 5.1264466e-03
1.7700000e+02 9.6976084e-01 5.1341750e-03
1.7800000e+02 9.6848111e-01 5.1307862e-03
1.7900000e+02 9.6711085e-01 5.1271553e-03
1.8000000e+02 9.6928522e-01 5.1329158e-03
1.8100000e+02 9.7138426e-01 5.1384706e-03
1.8200000e+02 9.7159583e-01 5.1390301e-03
1.8300000e+02 9.6639520e-01 5.1252579e-03
1.8400000e+02 9.6408251e-01 5.1191216e-03
1.8500000e+02 9.6192187e-01 5.1133821e-03
1.8600000e+02 9.6061907e-01 5.1099182e-03
1.8700000e+02 9.6221412e-01 5.1141588e-03
1.8800000e+02 9.6156671e-01 5.1124380e-03
1.8900000e+02 9.6272110e-01 5.1155059e-03
1.9000000e+02 9.6017969e-01 5.1087494e-03
1.9100000e+02 9.6239114e-01 5.1146292e-03
1.9200000e+02 9.6927953e-01 5.1329007e-03
1.9300000e+02 9.6609241e-01 5.1244549e-03
1.9400000e+02 9.6246297e-01 5.1148201e-03
1.9500000e+02 9.6990050e-01 5.1345447e-03
1.9600000e+02 9.6738081e-01 5.1278709e-03
1.9700000e+02 9.6679975e-01 5.1263306e-03
1.9800000e+02 9.6390525e-01 5.1186510e-03
1.9900000e+02 9.6211011e-01 5.1138824e-03
2.0000000e+02 9.6235508e-01 5.1145334e-03
2.0100000e+02 9.6426569e-01 5.1196079e-03
2.0200000e+02 9.6365492e-01 5.1179863e-03
2.0300000e+02 9.5935423e-01 5.1065530e-03
2.0400000e+02 9.5649573e-01 5.0989396e-03
2.0500000e+02 9.5551560e-01 5.0963264e-03
2.0600000e+02 9.5820300e-01 5.1034881e-03
2.0700000e+02 9.5957274e-01 5.1071345e-03
2.0800000e+02 9.6266205e-01 5.1153490e-03
2.0900000e+02 9.6029483e-01 5.1090557e-03
2.1000000e+02 9.6010032e-01 5.1085383e-03
2.1100000e+02 9.5741878e-01 5.1013993e-03
2.1200000e+02 9.5964238e-01 5.1073198e-03
2.1300000e+02 9.5993404e-01 5.1080959e-03
2.1400000e+02 9.6542633e-01 5.1226881e-03
2.1500000e+02 9.6133354e-01 5.1118181e-03
2.1600000e+02 9.6069994e-01 5.1101333e-03
2.1700000e+02 9.6034468e-01 5.1091883e-03
2.1800000e+02 9.5830092e-01 5.1037489e-03
2.1900000e+02 9.5788698e-01 5.1026465e-03
2.2000000e+02 9.5688456e-01 5.0999758e-03
2.2100000e+02 9.6044203e-01 5.1094473e-03
2.2200000e+02 9.5961406e-01 5.1072445e-03
2.2300000e+02 9.5573763e-01 5.0969185e-03
2.2400000e+02 9.5670402e-01 5.0994947e-03
2.2500000e+02 9.5854325e-01 5.1043942e-03
2.2600000e+02 9.5890918e-01 5.1053684e-03
2.2700000e+02 9.5794555e-01 5.1028025e-03
2.2800000e+02 9.5548964e-01 5.0962572e-03
2.2900000e+02 9.5941237e-01 5.1067077e-03
2.3000000e+02 9.6387508e-01 5.1185709e-03
2.3100000e+02 9.6989141e-01 5.1345206e-03
2.3200000e+02 9.6915196e-01 5.1325629e-03
2.3300000e+02 9.6728161e-01 5.1276079e-03
2.3400000e+02 9.6589533e-01 5.1239322e-03
2.3500000e+02 9.6640804e-01 5.1252920e-03
2.3600000e+02 9.6468502e-01 5.1207210e-03
2.3700000e+02 9.6973385e-01 5.1341036e-03
2.3800000e+02 9.6649599e-01 5.1255252e-03
2.3900000e+02 9.6543491e-01 5.1227109e-03
2.4000000e+02 9.5939586e-01 5.1066638e-03
2.4100000e+02 9.6229291e-01 5.1143682e-03
2.4200000e+02 9.6564579e-01 5.1232703e-03
2.4300000e+02 9.6201884e-01 5.1136398e-03
2.4400000e+02 9.6057288e-01 5.1097953e-03
2.4500000e+02 9.5888391e-01 5.1053011e-03
2.4600000e+02 9.6133057e-01 5.1118102e-03
2.4700000e+02 9.6219333e-01 5.1141035e-03
2.4800000e+02 9.6275200e-01 5.1155880e-03
2.4900000e+02 9.6394986e-01 5.1187694e-03
2.5000000e+02 9.6650977e-01 5.1255617e-03
2.5100000e+02 9.6404779e-01 5.1190294e-03
2.5200000e+02 9.6473479e-01 5.1208531e-03
2.5300000e+02 9.6565327e-01 5.1232902e-03
2.5400000e+02 9.6868332e-01 5.1313218e-03
2.5500000e+02 9.6841215e-01 5.1306036e-03
2.5600000e+02 9.6701850e-01 5.1269105e-03
2.5700000e+02 9.6860086e-01 5.1311034e-03
2.5800000e+02 9.7101263e-01 5.1374876e-03
2.5900000e+02 9.6903903e-01 5.1322639e-03
2.6000000e+02 9.6700961e-01 5.1268869e-03
2.6100000e+02 9.6405580e-01 5.1190507e-03
2.6200000e+02 9.6474836e-01 5.1208891e-03
2.6300000e+02 9.6520383e-01 5.1220978e-03
2.6400000e+02 9.6602750e-01 5.1242828e-03
2.6500000e+02 9.6571353e-01 5.1234500e-03
2.6600000e+02 9.6653305e-01 5.1256235e-03
2.6700000e+02 9.6606937e-01 5.1243938e-03
2.6800000e+02 9.6493009e-01 5.1213714e-03
2.6900000e+02 9.6511602e-01 5.1218648e-03
2.7000000e+02 9.6407379e-01 5.1190985e-03
2.7100000e+02 9.6420006e-01 5.1194337e-03
2.7200000e+02 9.6396971e-01 5.1188221e-03
2.7300000e+02 9.6697683e-01 5.1268000e-03
2.7400000e+02 9.6703519e-01 5.1269547e-03
2.7500000e+02 9.6069981e-01 5.1101329e-03
2.7600000e+02 9.6478808e-01 5.1209945e-03
2.7700000e+02 9.6473604e-01 5.1208564e-03
2.7800000e+02 9.6479607e-01 5.1210157e-03
2.7900000e+02 9.6500783e-01 5.1215777e-03
2.8000000e+02 9.6615195e-01 5.1246129e-03
2.8100000e+02 9.6714769e-01 5.1272530e-03
2.8200000e+02 9.6810445e-01 5.1297884e-03
2.8300000e+02 9.6946648e-01 5.1333957e-03
2.8400000e+02 9.7084011e-01 5.1370312e-03
2.8500000e+02 9.6870138e-01 5.1313697e-03
2.8600000e+02 9.6773486e-01 5.1288091e-03
2.8700000e+02 9.6733361e-01 5.1277457e-03
2.8800000e+02 9.6785464e-01 5.1291265e-03
2.8900000e+02 9.6541051e-01 5.1226461e-03
2.9000000e+02 9.6641243e-01 5.1253036e-03
2.9100000e+02 9.6368549e-01 5.1180674e-03
2.9200000e+02 9.6176486e-01 5.1129647e-03
2.9300000e+02 9.6248842e-01 5.1148877e-03
2.9400000e+02 9.6728100e-01 5.1276063e-03
2.9500000e+02 9.6278835e-01 5.1156846e-03
2.9600000e+02 9.5846957e-01 5.1041980e-03
2.9700000e+02 9.5742616e-01 5.1014189e-03
2.9800000e+02 9.6112264e-01 5.1112574e-03
2.9900000e+02 9.6130147e-01 5.1117328e-03
3.0000000e+02 9.6574850e-01 5.1235428e-03
3.0100000e+02 9.5976857e-01 5.1076556e-03
3.0200000e+02 9.5997060e-01 5.1081932e-03
3.0300000e+02 9.5921157e-01 5.1061733e-03
3.0400000e+02 9.5901396e-01 5.1056473e-03
3.0500000e+02 9.6131594e-01 5.1117713e-03
3.0600000e+02 9.6497979e-01 5.1215033e-03
3.0700000e+02 9.6488445e-01 5.1212503e-03
3.0800000e+02 9.6754474e-01 5.1283053e-03
3.0900000e+02 9.6500152e-01 5.1215609e-03
3.1000000e+02 9.6359220e-01 5.1178197e-03
3.1100000e+02 9.6997706e-01 5.1347473e-03
3.1200000e+02 9.6985081e-01 5.1344131e-03
3.1300000e+02 9.6615195e-01 5.1246129e-03
3.1400000e+02 9.6937530e-01 5.1331543e-03
3.1500000e+02 9.6806332e-01 5.1296794e-03
3.1600000e+02 9.6724767e-01 5.1275180e-03
3.1700000e+02 9.6763147e-01 5.1285351e-03
3.1800000e+02 9.6855764e-01 5.1309890e-03
3.1900000e+02 9.6842145e-01 5.1306282e-03
3.2000000e+02 9.6986713e-01 5.1344563e-03
3.2100000e+02 9.6925477e-01 5.1328352e-03
3.2200000e+02 9.6525899e-01 5.1222441e-03
3.2300000e+02 9.6391295e-01 5.1186714e-03
3.2400000e+02 9.6308346e-01 5.1164685e-03
3.2500000e+02 9.6168103e-01 5.1127419e-03
3.2600000e+02 9.6636477e-01 5.1251772e-03
3.2700000e+02 9.6757263e-01 5.1283792e-03
3.2800000e+02 9.6927516e-01 5.1328892e-03
3.2900000e+02 9.6791979e-01 5.1292992e-03
3.3000000e+02 9.6788533e-01 5.1292079e-03
3.3100000e+02 9.6610663e-01 5.1244927e-03
3.3200000e+02 9.7176497e-01 5.1394775e-03
3.3300000e+02 9.6940630e-01 5.1332364e-03
3.3400000e+02 9.6858652e-01 5.1310655e-03
3.3500000e+02 9.6624681e-01 5.1248644e-03
3.3600000e+02 9.6418657e-01 5.1193979e-03
3.3700000e+02 9.6192121e-01 5.1133803e-03
3.3800000e+02 9.5938854e-01 5.1066443e-03
3.3900000e+02 9.5928242e-01 5.1063619e-03
3.4000000e+02 9.6095026e-01 5.1107990e-03
3.4100000e+02 9.6281660e-01 5.1157596e-03
3.4200000e+02 9.6246258e-01 5.1148190e-03
3.4300000e+02 9.6889374e-01 5.1318791e-03
3.4400000e+02 9.6952258e-01 5.1335442e-03
3.4500000e+02 9.6967029e-01 5.1339353e-03
3.4600000e+02 9.6782248e-01 5.1290413e-03
3.4700000e+02 9.6913535e-01 5.1325190e-03
3.4800000e+02 9.7152605e-01 5.1388456e-03
3.4900000e+02 9.7034314e-01 5.1357162e-03
3.5000000e+02 9.6897897e-01 5.1321049e-03
3.5100000e+02 9.6829754e-01 5.1303000e-03
3.5200000e+02 9.6345398e-01 5.1174527e-03
3.5300000e+02 9.6506462e-01 5.1217284e-03
3.5400000e+02 9.6247496e-01 5.1148519e-03
3.5500000e+02 9.6074693e-01 5.1102582e-03
3.5600000e+02 9.6050395e-01 5.1096120e-03
3.5700000e+02 9.5998672e-01 5.1082361e-03
3.5800000e+02 9.5617686e-01 5.0980896e-03
3.5900000e+02 9.6038520e-01 5.1092961e-03
3.6000000e+02 9.6522978e-01 5.1221666e-03
3.6100000e+02 9.6110657e-01 5.1112146e-03
3.6200000e+02 9.5980915e-01 5.1077636e-03
3.6300000e+02 9.6004832e-01 5.1083999e-03
3.6400000e+02 9.5992765e-01 5.1080789e-03
3.6500000e+02 9.5939425e-01 5.1066595e-03
3.6600000e+02 9.5369585e-01 5.0914712e-03
3.6700000e+02 9.5546796e-01 5.0961994e-03
3.6800000e+02 9.5076946e-01 5.0836537e-03
3.6900000e+02 9.5028925e-01 5.0823697e-03
3.7000000e+02 9.4815456e-01 5.0766581e-03
3.7100000e+02 9.5121830e-01 5.0848535e-03
3.7200000e+02 9.5045546e-01 5.0828141e-03
3.7300000e+02 9.5249969e-01 5.0882773e-03
3.7400000e+02 9.5140805e-01 5.0853606e-03
3.7500000e+02 9.5185326e-01 5.0865503e-03
3.7600000e+02 9.4982694e-01 5.0811333e-03
3.7700000e+02 9.5306930e-01 5.0897984e-03
3.7800000e+02 9.5570622e-01 5.0968347e-03
3.7900000e+02 9.5397980e-01 5.0922291e-03
3.8000000e+02 9.5137543e-01 5.0852734e-03
3.8100000e+02 9.4848571e-01 5.0775445e-03
3.8200000e+02 9.5079180e-01 5.0837134e-03
3.8300000e+02 9.5252206e-01 5.0883370e-03
3.8400000e+02 9.5255102e-01 5.0884143e-03
3.8500000e+02 9.5149018e-01 5.0855801e-03
3.8600000e+02 9.4950509e-01 5.0802723e-03
3.8700000e+02 9.4402684e-01 5.0655956e-03
3.8800000e+02 9.4445527e-01 5.0667449e-03
3.8900000e+02 9.4617352e-01 5.0713518e-03
3.9000000e+02 9.4460141e-01 5.0671369e-03
3.9100000e+02 9.4766719e-01 5.0753532e-03
3.9200000e+02 9.5058483e-01 5.0831601e-03
3.9300000e+02 9.5229578e-01 5.0877326e-03
3.9400000e+02 9.4767173e-01 5.0753653e-03
3.9500000e+02 9.4801982e-01 5.0762974e-03
3.9600000e+02 9.5047808e-01 5.0828746e-03
3.9700000e+02 9.4790004e-01 5.0759767e-03
3.9800000e+02 9.5107431e-01 5.0844686e-03
3.9900000e+02 9.5172045e-01 5.0861955e-03
4.0000000e+02 9.5249525e-01 5.0882654e-03
4.0100000e+02 9.5230753e-01 5.0877640e-03
4.0200000e+02 9.5422771e-01 5.0928907e-03
4.0300000e+02 9.5180122e-01 5.0864113e-03
4.0400000e+02 9.5058388e-01 5.0831575e-03
4.0500000e+02 9.4927996e-01 5.0796700e-03
4.0600000e+02 9.5106588e-01 5.0844461e-03
4.0700000e+02 9.5250517e-01 5.0882919e-03
4.0800000e+02 9.5460870e-01 5.0939073e-03
4.0900000e+02 9.5403121e-01 5.0923663e-03
4.1000000e+02 9.5633353e-01 5.0985072e-03
4.1100000e+02 9.5720827e-01 5.1008384e-03
4.1200000e+02 9.5571135e-01 5.0968484e-03
4.1300000e+02 9.5582580e-01 5.0971536e-03
4.1400000e+02 9.5752834e-01 5.1016912e-03
4.1500000e+02 9.5394692e-01 5.0921413e-03
4.1600000e+02 9.5071532e-01 5.0835089e-03
4.1700000e+02 9.5011758e-01 5.0819106e-03
4.1800000e+02 9.5289451e-01 5.0893317e-03
4.1900000e+02 9.5356676e-01 5.0911266e-03
4.2000000e+02 9.5053159e-01 5.0830177e-03
4.2100000e+02 9.5343582e-01 5.0907771e-03
4.2200000e+02 9.5043286e-01 5.0827537e-03
4.2300000e+02 9.4880746e-01 5.0784057e-03
4.2400000e+02 9.5140557e-01 5.0853540e-03
4.2500000e+02 9.5338197e-01 5.0906333e-03
4.2600000e+02 9.5592981e-01 5.0974309e-03
4.2700000e+02 9.5000144e-01 5.0816000e-03
4.2800000e+02 9.4971490e-01 5.0808336e-03
4.2900000e+02 9.5613305e-01 5.0979728e-03
4.3000000e+02 9.5849606e-01 5.1042685e-03
4.3100000e+02 9.5525538e-01 5.0956324e-03
4.3200000e+02 9.5841055e-01 5.1040408e-03
4.3300000e+02 9.6121395e-01 5.1115001e-03
4.3400000e+02 9.5434478e-01 5.0932031e-03
4.3500000e+02 9.5654697e-01 5.0990761e-03
4.3600000e+02 9.5673541e-01 5.0995783e-03
4.3700000e+02 9.5443819e-01 5.0934524e-03
4.3800000e+02 9.5279786e-01 5.0890736e-03
4.3900000e+02 9.4773622e-01 5.0755380e-03
4.4000000e+02 9.5037096e-01 5.0825882e-03
4.4100000e+02 9.5057048e-01 5.0831217e-03
4.4200000e+02 9.5500808e-01 5.0949728e-03
4.4300000e+02 9.5482969e-01 5.0944969e-03
4.4400000e+02 9.5787175e-01 5.1026059e-03
4.4500000e+02 9.5848362e-01 5.1042354e-03
4.4600000e+02 9.6277390e-01 5.1156462e-03
4.4700000e+02 9.6132590e-01 5.1117978e-03
4.4800000e+02 9.6204811e-01 5.1137176e-03
4.4900000e+02 9.5705537e-01 5.1004310e-03
4.5000000e+02 9.5331315e-01 5.0904495e-03
4.5100000e+02 9.4973874e-01 5.0808974e-03
4.5200000e+02 9.5282866e-01 5.0891558e-03
4.5300000e+02 9.5366649e-01 5.0913928e-03
4.5400000e+02 9.5229183e-01 5.0877220e-03
4.5500000e+02 9.4886968e-01 5.0785722e-03
4.5600000e+02 9.4680782e-01 5.0730514e-03
4.5700000e+02 9.4840428e-01 5.0773266e-03
4.5800000e+02 9.4246956e-01 5.0614157e-03
4.5900000e+02 9.4039877e-01 5.0558522e-03
4.6000000e+02 9.4393270e-01 5.0653430e-03
4.6100000e+02 9.4527917e-01 5.0689545e-03
4.6200000e+02 9.4468175e-01 5.0673524e-03
4.6300000e+02 9.4663175e-01 5.0725797e-03
4.6400000e+02 9.5081671e-01 5.0837800e-03
4.6500000e+02 9.4764210e-01 5.0752860e-03
4.6600000e+02 9.5113358e-01 5.0846270e-03
4.6700000e+02 9.4805794e-01 5.0763994e-03
4.6800000e+02 9.4329111e-01 5.0636213e-03
4.6900000e+02 9.4414154e-01 5.0659033e-03
4.7000000e+02 9.4115793e-01 5.0578925e-03
4.7100000e+02 9.4341003e-01 5.0639405e-03
4.7200000e+02 9.4574219e-01 5.0701958e-03
4.7300000e+02 9.4783954e-01 5.0758147e-03
4.7400000e+02 9.5006909e-01 5.0817809e-03
4.7500000e+02 9.5433454e-01 5.0931758e-03
4.7600000e+02 9.5202078e-01 5.0869979e-03
4.7700000e+02 9.5173307e-01 5.0862292e-03
4.7800000e+02 9.5428904e-01 5.0930544e-03
4.7900000e+02 9.5243152e-01 5.0880951e-03
4.8000000e+02 9.4598270e-01 5.0708404e-03
4.8100000e+02 9.4368692e-01 5.0646835e-03
4.8200000e+02 9.4279163e-01 5.0622805e-03
4.8300000e+02 9.4415923e-01 5.0659508e-03
4.8400000e+02 9.4813561e-01 5.0766074e-03
4.8500000e+02 9.5197525e-01 5.0868763e-03
4.8600000e+02 9.5325244e-01 5.0902874e-03
4.8700000e+02 9.5575082e-01 5.0969537e-03
4.8800000e+02 9.5577319e-01 5.0970133e-03
4.8900000e+02 9.5201609e-01 5.0869854e-03
4.9000000e+02 9.5318035e-01 5.0900950e-03
4.9100000e+02 9.4928819e-01 5.0796921e-03
4.9200000e+02 9.4856677e-01 5.0777615e-03
4.9300000e+02 9.5064697e-01 5.0833262e-03
4.9400000e+02 9.5078571e-01 5.0836971e-03
4.9500000e+02 9.4631915e-01 5.0717421e-03
4.9600000e+02 9.4477688e-01 5.0676075e-03
4.9700000e+02 9.4593162e-01 5.0707035e-03
4.9800000e+02 9.4585300e-01 5.0704928e-03
4.9900000e+02 9.4470475e-01 5.0674141e-03
5.0000000e+02 9.4717878e-01 5.0740451e-03
5.0100000e+02 9.4522764e-01 5.0688163e-03
5.0200000e+02 9.4641439e-01 5.0719973e-03
5.0300000e+02 9.4873790e-01 5.0782195e-03
5.0400000e+02 9.4795186e-01 5.0761154e-03
5.0500000e+02 9.4827645e-01 5.0769844e-03
5.0600000e+02 9.4831108e-01 5.0770771e-03
5.0700000e+02 9.4736994e-01 5.0745571e-03
5.0800000e+02 9.4734483e-01 5.0744899e-03
5.0900000e+02 9.4867834e-01 5.0780601e-03
5.1000000e+02 9.5084477e-01 5.0838550e-03
5.1100000e+02 9.5024682e-01 5.0822562e-03
5.1200000e+02 9.4948128e-01 5.0802086e-03
5.1300000e+02 9.4658217e-01 5.0724468e-03
5.1400000e+02 9.4783859e-01 5.0758121e-03
5.1500000e+02 9.4744056e-01 5.0747462e-03
5.1600000e+02 9.5249284e-01 5.0882590e-03
5.1700000e+02 9.5591732e-01 5.0973976e-03
5.1800000e+02 9.5810695e-01 5.1032323e-03
5.1900000e+02 9.5866581e-01 5.1047205e-03
5.2000000e+02 9.6027162e-01 5.1089940e-03
5.2100000e+02 9.6602804e-01 5.1242842e-03
5.2200000e+02 9.6375688e-01 5.1182570e-03
5.2300000e+02 9.6258939e-01 5.1151560e-03
5.2400000e+02 9.5885718e-01 5.1052299e-03
5.2500000e+02 9.6069794e-01 5.1101280e-03
5.2600000e+02 9.6000934e-01 5.1082962e-03
5.2700000e+02 9.5574245e-01 5.0969313e-03
5.2800000e+02 9.5805442e-01 5.1030924e-03
5.2900000e+02 9.5951359e-01 5.1069771e-03
5.3000000e+02 9.5715232e-01 5.1006893e-03
5.3100000e+02 9.5712261e-01 5.1006102e-03
5.3200000e+02 9.5944012e-01 5.1067816e-03
5.3300000e+02 9.6130613e-01 5.1117452e-03
5.3400000e+02 9.6017226e-01 5.1087297e-03
5.3500000e+02 9.6099653e-01 5.1109220e-03
5.3600000e+02 9.6253862e-01 5.1150211e-03
5.3700000e+02 9.6119895e-01 5.1114603e-03
5.3800000e+02 9.6276663e-01 5.1156269e-03
5.3900000e+02 9.6381044e-01 5.1183992e-03
5.4000000e+02 9.6320945e-01 5.1168032e-03
5.4100000e+02 9.6135783e-01 5.1118827e-03
5.4200000e+02 9.6548914e-01 5.1228547e-03
5.4300000e+02 9.6895284e-01 5.1320357e-03
5.4400000e+02 9.7090461e-01 5.1372018e-03
5.4500000e+02 9.6531103e-01 5.1223822e-03
5.4600000e+02 9.6381451e-01 5.1184100e-03
5.4700000e+02 9.6623067e-01 5.1248216e-03
5.4800000e+02 9.6656898e-01 5.1257187e-03
5.4900000e+02 9.6754812e-01 5.1283143e-03
5.5000000e+02 9.6204462e-01 5.1137083e-03
5.5100000e+02 9.6821490e-01 5.1300811e-03
5.5200000e+02 9.6683415e-01 5.1264218e-03
5.5300000e+02 9.7307877e-01 5.1429505e-03
5.5400000e+02 9.7009593e-01 5.1350619e-03
5.5500000e+02 9.7051703e-01 5.1361763e-03
5.5600000e+02 9.6896930e-01 5.1320793e-03
5.5700000e+02 9.7083661e-01 5.1370219e-03
5.5800000e+02 9.6869208e-01 5.1313451e-03
5.5900000e+02 9.7040164e-01 5.1358710e-03
5.6000000e+02 9.7056327e-01 5.1362987e-03
5.6100000e+02 9.7052368e-01 5.1361939e-03
5.6200000e+02 9.7156626e-01 5.1389520e-03
5.6300000e+02 9.7211668e-01 5.1404074e-03
5.6400000e+02 9.7426819e-01 5.1460927e-03
5.6500000e+02 9.7559057e-01 5.1495840e-03
5.6600000e+02 9.7497806e-01 5.1479671e-03
5.6700000e+02 9.7263589e-01 5.1417800e-03
5.6800000e+02 9.7187924e-01 5.1397796e-03
5.6900000e+02 9.7528805e-01 5.1487855e-03
5.7000000e+02 9.7583654e-01 5.1502331e-03
5.7100000e+02 9.7693011e-01 5.1531181e-03
5.7200000e+02 9.7679915e-01 5.1527727e-03
5.7300000e+02 9.7822769e-01 5.1565392e-03
5.7400000e+02 9.7600799e-01 5.1506855e-03
5.7500000e+02 9.7837675e-01 5.1569320e-03
5.7600000e+02 9.8107583e-01 5.1640404e-03
5.7700000e+02 9.8500738e-01 5.1743772e-03
5.7800000e+02 9.8042691e-01 5.1623323e-03
5.7900000e+02 9.7613162e-01 5.1510117e-03
5.8000000e+02 9.7437782e-01 5.1463822e-03
5.8100000e+02 9.7392162e-01 5.1451774e-03
5.8200000e+02 9.7141559e-01 5.1385535e-03
5.8300000e+02 9.7024413e-01 5.1354542e-03
5.8400000e+02 9.7129194e-01 5.1382264e-03
5.8500000e+02 9.7074633e-01 5.1367831e-03
5.8600000e+02 9.6817619e-01 5.1299785e-03
5.8700000e+02 9.7153055e-01 5.1388575e-03
5.8800000e+02 9.7128510e-01 5.1382083e-03
5.8900000e+02 9.6940456e-01 5.1332318e-03
5.9000000e+02 9.7112856e-01 5.1377943e-03
5.9100000e+02 9.7057493e-01 5.1363295e-03
5.9200000e+02 9.6905305e-01 5.1323010e-03
5.9300000e+02 9.7200742e-01 5.1401185e-03
5.9400000e+02 9.7257383e-01 5.1416160e-03
5.9500000e+02 9.7260070e-01 5.1416870e-03
5.9600000e+02 9.7192795e-01 5.1399084e-03
5.9700000e+02 9.7166170e-01 5.1392044e-03
5.9800000e+02 9.7296263e-01 5.1426436e-03
5.9900000e+02 9.7124395e-01 5.1380995e-03
6.0000000e+02 9.7330984e-01 5.1435611e-03
6.0100000e+02 9.6982657e-01 5.1343490e-03
6.0200000e+02 9.6778247e-01 5.1289353e-03
6.0300000e+02 9.7142955e-01 5.1385904e-03
6.0400000e+02 9.7622661e-01 5.1512623e-03
6.0500000e+02 9.7042336e-01 5.1359285e-03
6.0600000e+02 9.7059789e-01 5.1363903e-03
6.0700000e+02 9.6863701e-01 5.1311992e-03
6.0800000e+02 9.6954570e-01 5.1336055e-03
6.0900000e+02 9.6984508e-01 5.1343980e-03
6.1000000e+02 9.7446369e-01 5.1466090e-03
6.1100000e+02 9.7701762e-01 5.1533489e-03
6.1200000e+02 9.7163991e-01 5.1391467e-03
6.1300000e+02 9.7141939e-01 5.1385635e-03
6.1400000e+02 9.7119955e-01 5.1379820e-03
6.1500000e+02 9.7224176e-01 5.1407381e-03
6.1600000e+02 9.7252852e-01 5.1414962e-03
6.1700000e+02 9.7354712e-01 5.1441880e-03
6.1800000e+02 9.6954444e-01 5.1336021e-03
6.1900000e+02 9.7209853e-01 5.1403594e-03
6.2000000e+02 9.6979914e-01 5.1342764e-03
6.2100000e+02 9.6990712e-01 5.1345622e-03
6.2200000e+02 9.6998823e-01 5.1347769e-03
6.2300000e+02 9.6855143e-01 5.1309725e-03
6.2400000e+02 9.6546555e-01 5.1227922e-03
6.2500000e+02 9.6739139e-01 5.1278989e-03
6.2600000e+02 9.7158675e-01 5.1390061e-03
6.2700000e+02 9.7279054e-01 5.1421888e-03
6.2800000e+02 9.7451185e-01 5.1467362e-03
6.2900000e+02 9.7496607e-01 5.1479355e-03
6.3000000e+02 9.7531240e-01 5.1488497e-03
6.3100000e+02 9.7248424e-01 5.1413791e-03
6.3200000e+02 9.7794601e-01 5.1557967e-03
6.3300000e+02 9.8070920e-01 5.1630754e-03
6.3400000e+02 9.8406421e-01 5.1718993e-03
6.3500000e+02 9.8256016e-01 5.1679455e-03
6.3600000e+02 9.8007445e-01 5.1614043e-03
6.3700000e+02 9.8078797e-01 5.1632828e-03
6.3800000e+02 9.8092911e-01 5.1636543e-03
6.3900000e+02 9.7982826e-01 5.1607560e-03
6.4000000e+02 9.8253892e-01 5.1678896e-03
6.4100000e+02 9.8478424e-01 5.1737911e-03
6.4200000e+02 9.8070241e-01 5.1630576e-03
6.4300000e+02 9.8111223e-01 5.1641362e-03
6.4400000e+02 9.8046119e-01 5.1624226e-03
6.4500000e+02 9.7187665e-01 5.1397728e-03
6.4600000e+02 9.7516639e-01 5.1484643e-03
6.4700000e+02 9.7767432e-01 5.1550805e-03
6.4800000e+02 9.7737490e-01 5.1542910e-03
6.4900000e+02 9.7848956e-01 5.1572293e-03
6.5000000e+02 9.8082490e-01 5.1633800e-03
6.5100000e+02 9.8143160e-01 5.1649767e-03
6.5200000e+02 9.8069758e-01 5.1630449e-03
6.5300000e+02 9.7904622e-01 5.1586961e-03
6.5400000e+02 9.8274798e-01 5.1684394e-03
6.5500000e+02 9.8457651e-01 5.1732454e-03
6.5600000e+02 9.8111423e-01 5.1641415e-03
6.5700000e+02 9.8139776e-01 5.1648876e-03
6.5800000e+02 9.8168071e-01 5.1656321e-03
6.5900000e+02 9.8311467e-01 5.1694035e-03
6.6000000e+02 9.8237628e-01 5.1674619e-03
6.6100000e+02 9.8093980e-01 5.1636824e-03
6.6200000e+02 9.7694303e-01 5.1531521e-03
6.6300000e+02 9.7762827e-01 5.1549591e-03
6.6400000e+02 9.8153637e-01 5.1652524e-03
6.6500000e+02 9.8485376e-01 5.1739737e-03
6.6600000e+02 9.8555207e-01 5.1758077e-03
6.6700000e+02 9.8319032e-01 5.1696024e-03
6.6800000e+02 9.8085985e-01 5.1634720e-03
6.6900000e+02 9.7708386e-01 5.1535236e-03
6.7000000e+02 9.7657803e-01 5.1521894e-03
6.7100000e+02 9.7860808e-01 5.1575417e-03
6.7200000e+02 9.7687525e-01 5.1529734e-03
6.7300000e+02 9.7191849e-01 5.1398834e-03
6.7400000e+02 9.6810220e-01 5.1297825e-03
6.7500000e+02 9.6727314e-01 5.1275855e-03
6.7600000e+02 9.6546653e-01 5.1227948e-03
6.7700000e+02 9.6207955e-01 5.1138012e-03
6.7800000e+02 9.6434896e-01 5.1198290e-03
6.7900000e+02 9.6499644e-01 5.1215474e-03
6.8000000e+02 9.6971154e-01 5.1340445e-03
6.8100000e+02 9.6841910e-01 5.1306220e-03
6.8200000e+02 9.6645673e-01 5.1254211e-03
6.8300000e+02 9.6382744e-01 5.1184444e-03
6.8400000e+02 9.5983892e-01 5.1078428e-03
6.8500000e+02 9.5496942e-01 5.0948697e-03
6.8600000e+02 9.5568790e-01 5.0967859e-03
6.8700000e+02 9.5375505e-01 5.0916292e-03
6.8800000e+02 9.5700145e-01 5.1002873e-03
6.8900000e+02 9.5460162e-01 5.0938884e-03
6.9000000e+02 9.5318055e-01 5.0900955e-03
6.9100000e+02 9.5523041e-01 5.0955658e-03
6.9200000e+02 9.5449711e-01 5.0936096e-03
6.9300000e+02 9.5479306e-01 5.0943992e-03
6.9400000e+02 9.5417252e-01 5.0927434e-03
6.9500000e+02 9.5508469e-01 5.0951771e-03
6.9600000e+02 9.5451767e-01 5.0936645e-03
6.9700000e+02 9.5605693e-01 5.0977698e-03
6.9800000e+02 9.5287937e-01 5.0892913e-03
6.9900000e+02 9.5568436e-01 5.0967764e-03
7.0000000e+02 9.5193353e-01 5.0867648e-03
7.0100000e+02 9.4880503e-01 5.0783992e-03
7.0200000e+02 9.4307873e-01 5.0630512e-03
7.0300000e+02 9.4011438e-01 5.0550877e-03
7.0400000e+02 9.3672980e-01 5.0459799e-03
7.0500000e+02 9.3092226e-01 5.0303135e-03
7.0600000e+02 9.3332774e-01 5.0368084e-03
7.0700000e+02 9.3549633e-01 5.0426566e-03
7.0800000e+02 9.3689314e-01 5.0464198e-03
7.0900000e+02 9.3782315e-01 5.0489238e-03
7.1000000e+02 9.3749478e-01 5.0480398e-03
7.1100000e+02 9.4339710e-01 5.0639058e-03
7.1200000e+02 9.4713699e-01 5.0739332e-03
7.1300000e+02 9.4587111e-01 5.0705413e-03
7.1400000e+02 9.4468371e-01 5.0673576e-03
7.1500000e+02 9.4526911e-01 5.0689275e-03
7.1600000e+02 9.4183358e-01 5.0597077e-03
7.1700000e+02 9.4246265e-01 5.0613972e-03
7.1800000e+02 9.4672765e-01 5.0728366e-03
7.1900000e+02 9.4265413e-01 5.0619113e-03
7.2000000e+02 9.4633345e-01 5.0717804e-03
7.2100000e+02 9.4245601e-01 5.0613794e-03
7.2200000e+02 9.4347266e-01 5.0641085e-03
7.2300000e+02 9.4373252e-01 5.0648059e-03
7.2400000e+02 9.4328238e-01 5.0635979e-03
7.2500000e+02 9.4474016e-01 5.0675090e-03
7.2600000e+02 9.4037161e-01 5.0557792e-03
7.2700000e+02 9.4250230e-01 5.0615037e-03
7.2800000e+02 9.4352325e-01 5.0642443e-03
7.2900000e+02 9.3842168e-01 5.0505347e-03
7.3000000e+02 9.3842533e-01 5.0505446e-03
7.3100000e+02 9.3973306e-01 5.0540624e-03
7.3200000e+02 9.3634941e-01 5.0449552e-03
7.3300000e+02 9.3568944e-01 5.0431770e-03
7.3400000e+02 9.3283353e-01 5.0354747e-03
7.3500000e+02 9.2752032e-01 5.0211138e-03
7.3600000e+02 9.2725945e-01 5.0204076e-03
7.3700000e+02 9.2674727e-01 5.0190209e-03
7.3800000e+02 9.2744247e-01 5.0209030e-03
7.3900000e+02 9.2473996e-01 5.0135824e-03
7.4000000e+02 9.2761255e-01 5.0213634e-03
7.4100000e+02 9.2946066e-01 5.0263630e-03
7.4200000e+02 9.3262472e-01 5.0349111e-03
7.4300000e+02 9.3598269e-01 5.0439672e-03
7.4400000e+02 9.4123850e-01 5.0581090e-03
7.4500000e+02 9.4165382e-01 5.0592248e-03
7.4600000e+02 9.4275585e-01 5.0621844e-03
7.4700000e+02 9.4185121e-01 5.0597551e-03
7.4800000e+02 9.4172191e-01 5.0594078e-03
7.4900000e+02 9.4831423e-01 5.0770855e-03
7.5000000e+02 9.5224483e-01 5.0875965e-03
7.5100000e+02 9.4954877e-01 5.0803892e-03
7.5200000e+02 9.5152637e-01 5.0856768e-03
7.5300000e+02 9.5367344e-01 5.0914114e-03
7.5400000e+02 9.4997815e-01 5.0815377e-03
7.5500000e+02 9.5557457e-01 5.0964837e-03
7.5600000e+02 9.5633841e-01 5.0985202e-03
7.5700000e+02 9.5394655e-01 5.0921404e-03
7.5800000e+02 9.5733057e-01 5.1011643e-03
7.5900000e+02 9.6240751e-01 5.1146727e-03
7.6000000e+02 9.6068869e-01 5.1101033e-03
7.6100000e+02 9.6049285e-01 5.1095825e-03
7.6200000e+02 9.5932152e-01 5.1064659e-03
7.6300000e+02 9.5851311e-01 5.1043139e-03
7.6400000e+02 9.5461360e-01 5.0939204e-03
7.6500000e+02 9.5426409e-01 5.0929878e-03
7.6600000e+02 9.5646253e-01 5.0988511e-03
7.6700000e+02 9.5507659e-01 5.0951555e-03
7.6800000e+02 9.5451856e-01 5.0936668e-03
7.6900000e+02 9.5588399e-01 5.0973087e-03
7.7000000e+02 9.5722727e-01 5.1008890e-03
7.7100000e+02 9.5728729e-01 5.1010490e-03
7.7200000e+02 9.5943317e-01 5.1067631e-03
7.7300000e+02 9.5809211e-01 5.1031928e-03
7.7400000e+02 9.6361456e-01 5.1178791e-03
7.7500000e+02 9.6621119e-01 5.1247700e-03
7.7600000e+02 9.6884649e-01 5.1317540e-03
7.7700000e+02 9.7003172e-01 5.1348920e-03
7.7800000e+02 9.6868529e-01 5.1313271e-03
7.7900000e+02 9.7033083e-01 5.1356836e-03
7.8000000e+02 9.7526817e-01 5.1487330e-03
7.8100000e+02 9.6948099e-01 5.1334341e-03
7.8200000e+02 9.6663640e-01 5.1258975e-03
7.8300000e+02 9.6925220e-01 5.1328284e-03
7.8400000e+02 9.6542418e-01 5.1226824e-03
7.8500000e+02 9.6592905e-01 5.1240217e-03
7.8600000e+02 9.6753674e-01 5.1282841e-03
7.8700000e+02 9.6776252e-01 5.1288824e-03
7.8800000e+02 9.6238854e-01 5.1146223e-03
7.8900000e+02 9.6125298e-01 5.1116039e-03
7.9000000e+02 9.6289262e-01 5.1159616e-03
7.9100000e+02 9.6366457e-01 5.1180119e-03
7.9200000e+02 9.6419956e-01 5.1194324e-03
7.9300000e+02 9.6229769e-01 5.1143809e-03
7.9400000e+02 9.6639555e-01 5.1252589e-03
7.9500000e+02 9.6023444e-01 5.1088951e-03
7.9600000e+02 9.6247960e-01 5.1148643e-03
7.9700000e+02 9.6502988e-01 5.1216362e-03
7.9800000e+02 9.6801234e-01 5.1295444e-03
7.9900000e+02 9.7122637e-01 5.1380530e-03
8.0000000e+02 9.7306369e-01 5.1429107e-03
8.0100000e+02 9.7075350e-01 5.1368020e-03
8.0200000e+02 9.6180536e-01 5.1130724e-03
8.0300000e+02 9.6249357e-01 5.1149014e-03
8.0400000e+02 9.6315644e-01 5.1166624e-03
8.0500000e+02 9.6113422e-01 5.1112881e-03
8.0600000e+02 9.5788599e-01 5.1026438e-03
8.0700000e+02 9.6057833e-01 5.1098098e-03
8.0800000e+02 9.6065803e-01 5.1100218e-03
8.0900000e+02 9.6391742e-01 5.1186833e-03
8.1000000e+02 9.6022718e-01 5.1088758e-03
8.1100000e+02 9.6050474e-01 5.1096141e-03
8.1200000e+02 9.6360402e-01 5.1178511e-03
8.1300000e+02 9.6512150e-01 5.1218793e-03
8.1400000e+02 9.6186688e-01 5.1132359e-03
8.1500000e+02 9.6223479e-01 5.1142137e-03
8.1600000e+02 9.6365359e-01 5.1179827e-03
8.1700000e+02 9.6200491e-01 5.1136028e-03
8.1800000e+02 9.6096815e-01 5.1108466e-03
8.1900000e+02 9.6772996e-01 5.1287962e-03
8.2000000e+02 9.7166490e-01 5.1392128e-03
8.2100000e+02 9.7144576e-01 5.1386333e-03
8.2200000e+02 9.7376331e-01 5.1447592e-03
8.2300000e+02 9.6962203e-01 5.1338075e-03
8.2400000e+02 9.7214242e-01 5.1404755e-03
8.2500000e+02 9.7463324e-01 5.1470567e-03
8.2600000e+02 9.6912869e-01 5.1325013e-03
8.2700000e+02 9.7045773e-01 5.1360194e-03
8.2800000e+02 9.6864891e-01 5.1312307e-03
8.2900000e+02 9.6905383e-01 5.1323031e-03
8.3000000e+02 9.6587260e-01 5.1238720e-03
8.3100000e+02 9.6705779e-01 5.1270146e-03
8.3200000e+02 9.6515090e-01 5.1219573e-03
8.3300000e+02 9.6192028e-01 5.1133779e-03
8.3400000e+02 9.6345101e-01 5.1174448e-03
8.3500000e+02 9.5644613e-01 5.0988073e-03
8.3600000e+02 9.5612551e-01 5.0979527e-03
8.3700000e+02 9.5375462e-01 5.0916281e-03
8.3800000e+02 9.5423955e-01 5.0929223e-03
8.3900000e+02 9.5396449e-01 5.0921882e-03
8.4000000e+02 9.4935266e-01 5.0798645e-03
8.4100000e+02 9.4994109e-01 5.0814386e-03
8.4200000e+02 9.4799493e-01 5.0762307e-03
8.4300000e+02 9.5210260e-01 5.0872165e-03
8.4400000e+02 9.5421148e-01 5.0928474e-03
8.4500000e+02 9.5204854e-01 5.0870721e-03
8.4600000e+02 9.5073256e-01 5.0835550e-03
8.4700000e+02 9.5461897e-01 5.0939347e-03
8.4800000e+02 9.5832238e-01 5.1038060e-03
8.4900000e+02 9.5795189e-01 5.1028194e-03
8.5000000e+02 9.6257270e-01 5.1151116e-03
8.5100000e+02 9.6017312e-01 5.1087320e-03
8.5200000e+02 9.6098154e-01 5.1108822e-03
8.5300000e+02 9.6206299e-01 5.1137571e-03
8.5400000e+02 9.5997560e-01 5.1082065e-03
8.5500000e+02 9.6248210e-01 5.1148709e-03
8.5600000e+02 9.6263182e-01 5.1152687e-03
8.5700000e+02 9.6429900e-01 5.1196963e-03
8.5800000e+02 9.6291469e-01 5.1160202e-03
8.5900000e+02 9.6106271e-01 5.1110980e-03
8.6000000e+02 9.5766368e-01 5.1020517e-03
8.6100000e+02 9.5725966e-01 5.1009753e-03
8.6200000e+02 9.5945666e-01 5.1068256e-03
8.6300000e+02 9.5907391e-01 5.1058069e-03
8.6400000e+02 9.5742887e-01 5.1014262e-03
8.6500000e+02 9.6041392e-01 5.1093725e-03
8.6600000e+02 9.6048931e-01 5.1095731e-03
8.6700000e+02 9.5844485e-01 5.1041321e-03
8.6800000e+02 9.6125845e-01 5.1116185e-03
8.6900000e+02 9.6184565e-01 5.1131795e-03
8.7000000e+02 9.6297346e-01 5.1161763e-03
8.7100000e+02 9.6493677e-01 5.1213891e-03
8.7200000e+02 9.6231611e-01 5.1144298e-03
8.7300000e+02 9.6678536e-01 5.1262924e-03
8.7400000e+02 9.6648010e-01 5.1254831e-03
8.7500000e+02 9.6880642e-01 5.1316479e-03
8.7600000e+02 9.6642027e-01 5.1253244e-03
8.7700000e+02 9.6697720e-01 5.1268010e-03
8.7800000e+02 9.6599944e-01 5.1242084e-03
8.7900000e+02 9.6402803e-01 5.1189770e-03
8.8000000e+02 9.6427989e-01 5.1196456e-03
8.8100000e+02 9.6668909e-01 5.1260372e-03
8.8200000e+02 9.6669760e-01 5.1260598e-03
8.8300000e+02 9.6772697e-01 5.1287882e-03
8.8400000e+02 9.6789972e-01 5.1292460e-03
8.8500000e+02 9.7058299e-01 5.1363509e-03
8.8600000e+02 9.7103694e-01 5.1375519e-03
8.8700000e+02 9.7272633e-01 5.1420191e-03
8.8800000e+02 9.7413497e-01 5.1457409e-03
8.8900000e+02 9.7240991e-01 5.1411827e-03
8.9000000e+02 9.7223346e-01 5.1407162e-03
8.9100000e+02 9.7249147e-01 5.1413982e-03
8.9200000e+02 9.7330187e-01 5.1435400e-03
8.9300000e+02 9.7448333e-01 5.1466609e-03
8.9400000e+02 9.7665641e-01 5.1523962e-03
8.9500000e+02 9.7124496e-01 5.1381021e-03
8.9600000e+02 9.7103542e-01 5.1375479e-03
8.9700000e+02 9.7427286e-01 5.1461051e-03
8.9800000e+02 9.7574170e-01 5.1499828e-03
8.9900000e+02 9.7101289e-01 5.1374883e-03
9.0000000e+02 9.6753976e-01 5.1282921e-03
9.0100000e+02 9.6456366e-01 5.1203989e-03
9.0200000e+02 9.6710742e-01 5.1271462e-03
9.0300000e+02 9.6927265e-01 5.1328825e-03
9.0400000e+02 9.7016813e-01 5.1352530e-03
9.0500000e+02 9.6849754e-01 5.1308298e-03
9.0600000e+02 9.7362520e-01 5.1443943e-03
9.0700000e+02 9.7479220e-01 5.1474765e-03
9.0800000e+02 9.7563871e-01 5.1497110e-03
9.0900000e+02 9.7442563e-01 5.1465085e-03
9.1000000e+02 9.7329285e-01 5.1435162e-03
9.1100000e+02 9.6819072e-01 5.1300170e-03
9.1200000e+02 9.6505092e-01 5.1216920e-03
9.1300000e+02 9.5901590e-01 5.1056525e-03
9.1400000e+02 9.6133886e-01 5.1118322e-03
9.1500000e+02 9.6304213e-01 5.1163587e-03
9.1600000e+02 9.6456675e-01 5.1204071e-03
9.1700000e+02 9.6835069e-01 5.1304408e-03
9.1800000e+02 9.6618404e-01 5.1246980e-03
9.1900000e+02 9.6229369e-01 5.1143702e-03
9.2000000e+02 9.6048772e-01 5.1095688e-03
9.2100000e+02 9.6357527e-01 5.1177748e-03
9.2200000e+02 9.6190818e-01 5.1133457e-03
9.2300000e+02 9.6091738e-01 5.1107115e-03
9.2400000e+02 9.6011776e-01 5.1085847e-03
9.2500000e+02 9.6128648e-01 5.1116930e-03
9.2600000e+02 9.6207320e-01 5.1137843e-03
9.2700000e+02 9.6130582e-01 5.1117444e-03
9.2800000e+02 9.6109849e-01 5.1111931e-03
9.2900000e+02 9.5962621e-01 5.1072768e-03
9.3000000e+02 9.5402646e-01 5.0923536e-03
9.3100000e+02 9.5036931e-01 5.0825838e-03
9.3200000e+02 9.5000432e-01 5.0816077e-03
9.3300000e+02 9.4472018e-01 5.0674555e-03
9.3400000e+02 9.4468660e-01 5.0673654e-03
9.3500000e+02 9.4704012e-01 5.0736737e-03
9.3600000e+02 9.4969633e-01 5.0807839e-03
9.3700000e+02 9.4802398e-01 5.0763085e-03
9.3800000e+02 9.4848450e-01 5.0775413e-03
9.3900000e+02 9.4827144e-01 5.0769710e-03
9.4000000e+02 9.5133421e-01 5.0851633e-03
9.4100000e+02 9.5472123e-01 5.0942076e-03
9.4200000e+02 9.5191518e-01 5.0867158e-03
9.4300000e+02 9.5152276e-01 5.0856672e-03
9.4400000e+02 9.5465915e-01 5.0940419e-03
9.4500000e+02 9.5280684e-01 5.0890976e-03
9.4600000e+02 9.5257497e-01 5.0884783e-03
9.4700000e+02 9.5618665e-01 5.0981157e-03
9.4800000e+02 9.5416761e-01 5.0927303e-03
9.4900000e+02 9.5089593e-01 5.0839918e-03
9.5000000e+02 9.5263913e-01 5.0886497e-03
9.5100000e+02 9.5664955e-01 5.0993495e-03
9.5200000e+02 9.5455126e-01 5.0937541e-03
9.5300000e+02 9.5399456e-01 5.0922685e-03
9.5400000e+02 9.5359281e-01 5.0911961e-03
9.5500000e+02 9.5400805e-01 5.0923045e-03
9.5600000e+02 9.5276773e-01 5.0889931e-03
9.5700000e+02 9.5416318e-01 5.0927185e-03
9.5800000e+02 9.5240305e-01 5.0880191e-03
9.5900000e+02 9.5504676e-01 5.0950760e-03
9.6000000e+02 9.5969077e-01 5.1074486e-03
9.6100000e+02 9.5930103e-01 5.1064114e-03
9.6200000e+02 9.6203032e-01 5.1136703e-03
9.6300000e+02 9.6068065e-01 5.1100820e-03
9.6400000e+02 9.6245519e-01 5.1147994e-03
9.6500000e+02 9.6539806e-01 5.1226131e-03
9.6600000e+02 9.6600248e-01 5.1242165e-03
9.6700000e+02 9.6473125e-01 5.1208437e-03
9.6800000e+02 9.6361010e-01 5.1178673e-03
9.6900000e+02 9.6554651e-01 5.1230070e-03
9.7000000e+02 9.6529056e-01 5.1223279e-03
9.7100000e+02 9.6813246e-01 5.1298626e-03
9.7200000e+02 9.6968837e-01 5.1339831e-03
9.7300000e+02 9.7318876e-01 5.1432411e-03
9.7400000e+02 9.7229820e-01 5.1408873e-03
9.7500000e+02 9.7181848e-01 5.1396190e-03
9.7600000e+02 9.7053854e-01 5.1362333e-03
9.7700000e+02 9.7426667e-01 5.1460887e-03
9.7800000e+02 9.7031731e-01 5.1356478e-03
9.7900000e+02 9.7171176e-01 5.1393368e-03
9.8000000e+02 9.7327170e-01 5.1434603e-03
9.8100000e+02 9.7299890e-01 5.1427394e-03
9.8200000e+02 9.7163761e-01 5.1391406e-03
9.8300000e+02 9.7342361e-01 5.1438617e-03
9.8400000e+02 9.7293965e-01 5.1425828e-03
9.8500000e+02 9.6970474e-01 5.1340265e-03
9.8600000e+02 9.6998904e-01 5.1347790e-03
9.8700000e+02 9.7060734e-01 5.1364153e-03
9.8800000e+02 9.6610034e-01 5.1244760e-03
9.8900000e+02 9.6479188e-01 5.1210046e-03
9.9000000e+02 9.6127349e-01 5.1116585e-03
9.9100000e+02 9.6565560e-01 5.1232963e-03
9.9200000e+02 9.6867700e-01 5.1313051e-03
9.9300000e+02 9.6573992e-01 5.1235200e-03
9.9400000e+02 9.6699556e-01 5.1268497e-03
9.9500000e+02 9.6895220e-01 5.1320340e-03
9.9600000e+02 9.7133183e-01 5.1383319e-03
9.9700000e+02 9.7080418e-01 5.1369361e-03
9.9800000e+02 9.7560100e-01 5.1496115e-03
9.9900000e+02 9.7489702e-01 5.1477532e-03
1.0000000e+03 9.7462198e-01 5.1470270e-03
