0.0 2.5775079e+03 6.9592712e+01
0.5 2.5822602e+03 6.7138765e+01
0.7 2.5989624e+03 5.7177173e+01
0.9 2.6061535e+03 5.4729225e+01
1.2 2.6278465e+03 5.5184777e+01
1.4 2.6181830e+03 4.9745477e+01
1.6 2.6085550e+03 3.9128325e+01
1.9 2.5941794e+03 4.4101049e+01
2.1 2.6157727e+03 3.4005045e+01
2.3 2.6399761e+03 4.2239618e+01
2.6 2.6816371e+03 3.7542919e+01
2.8 2.6424088e+03 3.4351314e+01
3.0 2.6230103e+03 3.4099134e+01
3.3 2.6448436e+03 4.4962342e+01
3.5 2.6816371e+03 5.0951104e+01
3.7 2.6915348e+03 4.3064557e+01
4.0 2.6424088e+03 4.4920949e+01
4.2 2.6767019e+03 4.8180633e+01
4.4 2.6940149e+03 4.8492269e+01
4.7 2.6767019e+03 4.5503932e+01
4.9 2.6964974e+03 4.3143958e+01
5.1 2.7899730e+03 4.1849595e+01
5.3 2.8523315e+03 4.2784973e+01
5.6 2.8131961e+03 5.9077117e+01
5.8 2.8028509e+03 4.7648466e+01
6.0 2.8575905e+03 4.5721449e+01
6.3 2.8340010e+03 5.1012018e+01
6.5 2.7516931e+03 5.7785556e+01
6.7 2.6278465e+03 5.2556931e+01
7.0 2.6278465e+03 4.4673391e+01
7.2 2.6717757e+03 5.6107290e+01
7.4 2.6230103e+03 3.9345155e+01
7.7 2.6497201e+03 5.0344682e+01
7.9 2.5444856e+03 3.8167284e+01
8.1 2.6181830e+03 4.9745477e+01
