0.0 9.8355806e+02 4.7210787e+01
0.2 9.3929065e+02 3.2875173e+01
0.5 1.0148457e+03 4.2623518e+01
0.7 9.8265258e+02 2.9479577e+01
0.9 9.9724071e+02 2.3933777e+01
1.2 9.7006313e+02 2.6191705e+01
1.4 9.7095701e+02 2.7186796e+01
1.6 9.6560610e+02 2.5105759e+01
1.9 9.9083194e+02 1.6844143e+01
2.1 9.8718830e+02 2.0730954e+01
2.3 9.8446436e+02 1.9689287e+01
2.6 1.0092529e+03 2.2203563e+01
2.8 1.0204694e+03 1.9388919e+01
3.0 1.0280163e+03 1.7476277e+01
3.3 1.0232930e+03 1.8419274e+01
3.5 1.0308607e+03 2.1648076e+01
3.7 1.0270699e+03 2.3622608e+01
4.0 1.0185914e+03 1.7316054e+01
4.2 1.0027669e+03 1.8049805e+01
4.4 9.9448904e+02 1.8895292e+01
4.7 1.0280163e+03 2.3644375e+01
4.9 1.0558446e+03 2.2172736e+01
5.1 1.0725067e+03 2.4667653e+01
5.3 1.0695473e+03 2.4599588e+01
5.6 1.1148078e+03 2.5640579e+01
5.8 1.0764652e+03 2.9064561e+01
6.0 1.0974886e+03 2.1949771e+01
6.3 1.1355336e+03 2.3846206e+01
6.5 1.0587660e+03 2.7527917e+01
6.7 1.0646332e+03 2.9809729e+01
7.0 1.0261244e+03 2.6679233e+01
7.2 1.0176537e+03 2.6458995e+01
7.4 1.0055415e+03 2.5138538e+01
7.7 1.0270699e+03 2.4649678e+01
7.9 1.0101829e+03 2.7274938e+01
8.1 1.0046158e+03 2.9133858e+01
8.4 9.9357350e+02 2.6826485e+01
